300000750625 974
300000750625 523
300000750626 1183
300000750626 523
300000750629 413
300000750629 4
300000750629 164
300000750629 693
300000750629 1323
300000750630 1074
300000750630 1193
300000750635 1193
300000750635 1283
300000750641 474
300000750641 503
300000750642 1183
300000750642 523
300000750645 523
300000750645 444
300000750647 503
300000750647 874
300000750648 703
300000750648 1223
300000750648 1033
300000750648 553
300000750648 874
300000750649 523
300000750649 444
300000750650 244
300000750650 1304
300000750650 404
300000750654 1313
300000750654 24
300000750654 794
300000750654 244
300000750654 273
300000750654 363
300000750654 1424
300000750654 233
300000750654 583
300000750654 243
300000750654 693
300000750654 853
300000750654 54
300000750654 1183
300000750654 4
300000750663 1183
300000750663 523
300000750667 1283
300000750667 704
300000750667 1193
300000750670 523
300000750670 444
300000750672 974
300000750672 794
300000750672 84
300000750672 1074
300000750672 554
300000750672 404
300000750672 1314
300000750672 714
300000750672 1193
300000750672 73
300000750672 24
300000750672 884
300000750672 503
300000750672 994
300000750672 773
300000750672 233
300000750672 473
300000750672 694
300000750672 693
300000750672 623
300000750672 1073
300000750674 1183
300000750674 523
300000750698 1084
300000750698 474
300000750702 444
300000750702 523
300000750708 974
300000750708 523
300000750709 763
300000750709 1193
300000750710 1273
300000750710 1304
300000750710 874
300000750717 1183
300000750717 1433
300000750718 174
300000750718 1094
300000750718 4
300000750718 54
300000750718 1033
300000750718 964
300000750720 1183
300000750720 523
300000750722 1273
300000750722 244
300000750722 404
300000750722 1304
300000750723 1284
300000750723 1433
300000750729 1183
300000750729 523
300000750736 83
300000750736 704
300000750737 703
300000750737 1313
300000750739 523
300000750739 444
300000750741 523
300000750741 444
300000750744 523
300000750744 444
300000750745 1183
300000750745 523
300000750746 1203
300000750746 873
300000750746 404
300000750746 793
300000750746 464
300000750746 93
300000750746 184
300000750746 1033
300000750746 1094
300000750746 1304
300000750756 474
300000750756 874
300000750762 263
300000750782 474
300000750782 874
300000750783 94
300000750783 1193
300000750783 143
300000750784 43
300000750784 143
300000750787 444
300000750787 523
300000750788 1283
300000750788 623
300000750790 1333
300000750790 1313
300000750792 523
300000750792 444
300000750808 263
300000750808 303
300000750848 263
300000750869 263
300000750917 263
300000750948 274
300000750948 694
300000750948 224
300000750965 223
300000750965 184
300000750965 894
300000750965 183
300000750965 23
300000750966 94
300000750966 694
300000750969 183
300000750969 184
300000750969 223
300000750969 1234
300000750984 153
300000750984 13
300000750989 303
300000750989 824
300000750991 24
300000750996 273
300000750996 164
300000750996 693
300000750996 54
300000750996 183
300000750996 1174
300000751000 474
300000751000 874
300000751004 1163
300000751004 724
300000751004 233
300000751004 24
300000751004 704
300000751004 623
300000751004 1074
300000751007 93
300000751007 263
300000751007 274
300000751007 1313
300000751007 423
300000751013 554
300000751013 233
300000751018 703
300000751018 553
300000751021 4
300000751021 164
300000751021 54
300000751021 693
300000751021 413
300000751023 1183
300000751023 423
300000751027 514
300000751027 383
300000751034 1364
300000751034 1304
300000751036 223
300000751036 184
300000751036 894
300000751036 183
300000751036 23
300000751049 1323
300000751049 413
300000751049 54
300000751049 894
300000751049 693
300000751049 223
300000751049 184
300000751049 1174
300000751052 213
300000751052 694
300000751052 964
300000751057 24
300000751065 273
300000751065 54
300000751065 413
300000751065 4
300000751091 1183
300000751091 1203
300000751097 103
300000751097 1033
300000751097 423
300000751098 403
300000751102 994
300000751102 704
300000751102 224
300000751102 1074
300000751102 474
300000751110 4
300000751110 164
300000751110 54
300000751110 693
300000751118 1033
300000751126 503
300000751126 24
300000751133 994
300000751133 1183
300000751134 273
300000751134 54
300000751134 413
300000751134 4
300000751143 4
300000751143 54
300000751143 1084
300000751145 73
300000751145 133
300000751150 273
300000751150 54
300000751150 413
300000751150 4
300000751153 273
300000751153 54
300000751153 413
300000751153 4
300000751161 233
300000751161 704
300000751162 303
300000751162 1404
300000751171 223
300000751171 184
300000751171 894
300000751171 183
300000751171 23
300000751182 874
300000751190 843
300000751190 663
300000751191 974
300000751196 703
300000751196 553
300000751201 1323
300000751201 1033
300000751201 1183
300000751201 224
300000751205 974
300000751210 403
300000751210 514
300000751220 924
300000751220 1283
300000751220 813
300000751223 924
300000751226 4
300000751226 693
300000751226 273
300000751226 54
300000751226 413
300000751226 1323
300000751226 164
300000751227 714
300000751227 874
300000751227 474
300000751227 1074
300000751227 224
300000751228 714
300000751228 1434
300000751238 1404
300000751238 1193
300000751240 414
300000751240 624
300000751246 303
300000751246 824
300000751251 703
300000751251 553
300000751254 24
300000751254 224
300000751255 53
300000751255 553
300000751260 474
300000751260 514
300000751274 703
300000751274 553
300000751283 193
300000751283 924
300000751283 24
300000751289 503
300000751289 24
300000751293 553
300000751293 263
300000751313 843
300000751313 623
300000751317 503
300000751317 734
300000751322 364
300000751326 303
300000751326 824
300000751327 503
300000751327 24
300000751334 53
300000751334 93
300000751334 223
300000751334 664
300000751334 74
300000751336 974
300000751338 734
300000751338 924
300000751340 303
300000751340 93
300000751347 843
300000751347 1074
300000751347 103
300000751349 364
300000751349 1434
300000751349 503
300000751349 874
300000751349 224
300000751349 1283
300000751349 714
300000751349 474
300000751349 704
300000751349 1203
300000751349 694
300000751350 303
300000751350 824
300000751354 23
300000751354 413
300000751354 233
300000751354 1234
300000751354 223
300000751354 623
300000751354 184
300000751354 1174
300000751368 1033
300000751368 924
300000751369 303
300000751369 1033
300000751372 94
300000751372 503
300000751373 423
300000751373 103
300000751377 303
300000751377 263
300000751396 1404
300000751396 1333
300000751397 413
300000751397 693
300000751397 54
300000751397 1323
300000751401 364
300000751406 1183
300000751406 924
300000751420 1414
300000751420 853
300000751420 313
300000751422 524
300000751422 1223
300000751422 874
300000751422 974
300000751423 24
300000751440 474
300000751440 874
300000751451 1053
300000751451 813
300000751466 553
300000751466 303
300000751466 824
300000751467 273
300000751467 54
300000751467 413
300000751467 4
300000751488 164
300000751488 1183
300000751488 693
300000751488 273
300000751488 1084
300000751488 1323
300000751488 413
300000751495 474
300000751495 874
300000751504 974
300000751504 963
300000751504 524
300000751504 874
300000751507 824
300000751507 1193
300000751507 794
300000751507 303
300000751507 474
300000751507 73
300000751507 414
300000751507 1074
300000751522 303
300000751522 1033
300000751536 704
300000751543 1183
300000751546 273
300000751546 54
300000751546 413
300000751546 4
300000751556 503
300000751556 24
300000751560 414
300000751562 414
300000751562 1193
300000751566 303
300000751566 824
300000751574 303
300000751574 824
300000751582 1323
300000751582 4
300000751582 693
300000751582 413
300000751582 54
300000751582 273
300000751582 1174
300000751582 164
300000751584 583
300000751584 503
300000751610 474
300000751610 1033
300000751610 734
300000751610 1074
300000751612 133
300000751612 813
300000751614 303
300000751614 824
300000751615 24
300000751616 103
300000751616 1404
300000751616 1193
300000751617 303
300000751617 93
300000751620 23
300000751620 4
300000751620 54
300000751620 1174
300000751620 184
300000751624 273
300000751624 54
300000751624 413
300000751624 4
300000751630 1404
300000751630 1193
300000751637 624
300000751637 524
300000751642 303
300000751642 93
300000751647 103
300000751647 303
300000751647 924
300000751655 1364
300000751655 623
300000751655 514
300000751655 843
300000751663 324
300000751663 524
300000751676 734
300000751676 303
300000751685 423
300000751685 873
300000751685 924
300000751687 924
300000751687 444
300000751688 223
300000751688 184
300000751688 894
300000751688 183
300000751688 23
300000751690 624
300000751693 414
300000751693 974
300000751696 474
300000751696 874
300000751699 444
300000751699 1333
300000751699 233
300000751699 623
300000751699 1193
300000751699 813
300000751699 1163
300000751710 1323
300000751710 413
300000751710 273
300000751710 54
300000751710 164
300000751712 93
300000751712 303
300000751722 303
300000751722 93
300000751727 354
300000751727 704
300000751727 964
300000751727 93
300000751748 1053
300000751748 403
300000751751 383
300000751751 1414
300000751753 584
300000751753 704
300000751753 524
300000751753 414
300000751773 383
300000751773 1414
300000751775 24
300000751778 1193
300000751778 224
300000751778 704
300000751778 853
300000751778 1074
300000751778 233
300000751783 24
300000751783 514
300000751789 303
300000751789 93
300000751796 924
300000751796 303
300000751801 924
300000751809 383
300000751809 1414
300000751811 383
300000751811 1414
300000751817 54
300000751817 164
300000751817 1323
300000751817 4
300000751817 693
300000751817 413
300000751821 813
300000751821 213
300000751822 414
300000751822 524
300000751823 904
300000751823 524
300000751824 383
300000751824 1414
300000751825 403
300000751825 584
300000751825 904
300000751827 914
300000751827 704
300000751828 1414
300000751828 383
300000751830 1414
300000751830 713
300000751844 403
300000751844 524
300000751847 383
300000751847 1414
300000751848 383
300000751848 1414
300000751855 403
300000751855 524
300000751857 403
300000751857 1084
300000751859 994
300000751859 103
300000751860 404
300000751860 4
300000751860 693
300000751860 54
300000751860 273
300000751860 1183
300000751860 244
300000751860 553
300000751860 1304
300000751860 413
300000751863 974
300000751863 773
300000751864 364
300000751864 1063
300000751864 1164
300000751864 304
300000751864 244
300000751871 444
300000751871 523
300000751889 383
300000751889 974
300000751894 1223
300000751894 753
300000751894 553
300000751894 1033
300000751897 1313
300000751897 703
300000751899 704
300000751899 474
300000751902 874
300000751902 474
300000751904 1183
300000751904 523
300000751906 713
300000751906 1033
300000751922 754
300000751922 24
300000751923 73
300000751923 754
300000751926 1193
300000751926 704
300000751928 1303
300000751928 84
300000751935 1413
300000751935 273
300000751935 434
300000751935 1273
300000751935 704
300000751935 1404
300000751935 103
300000751936 974
300000751938 413
300000751938 4
300000751938 273
300000751938 54
300000751938 164
300000751942 1314
300000751942 714
300000751944 54
300000751944 1433
300000751946 413
300000751946 4
300000751946 273
300000751946 54
300000751946 164
300000751949 334
300000751949 1193
300000751949 714
300000751956 1393
300000751956 1403
300000751958 263
300000751958 874
300000751961 174
300000751961 4
300000751961 693
300000751988 1074
300000751988 724
300000751991 224
300000751991 474
300000751991 233
300000751994 4
300000751994 1234
300000751994 184
300000751997 1294
300000751997 73
300000751997 83
300000751997 1073
300000751997 334
300000752001 54
300000752001 894
300000752001 164
300000752001 223
300000752001 174
300000752001 4
300000752001 23
300000752001 183
300000752001 413
300000752004 403
300000752004 474
300000752007 813
300000752007 23
300000752008 174
300000752008 54
300000752008 4
300000752008 164
300000752008 413
300000752014 1073
300000752014 974
300000752014 824
300000752014 704
300000752014 1234
300000752014 233
300000752014 474
300000752014 313
300000752015 1333
300000752015 1193
300000752015 1273
300000752020 413
300000752020 4
300000752020 273
300000752020 54
300000752020 164
300000752022 54
300000752022 4
300000752022 174
300000752022 413
300000752022 164
300000752026 824
300000752026 54
300000752026 694
300000752026 873
300000752027 413
300000752027 4
300000752027 273
300000752027 54
300000752027 164
300000752034 813
300000752034 974
300000752036 1204
300000752036 704
300000752036 694
300000752036 1314
300000752037 1393
300000752037 1403
300000752041 794
300000752041 414
300000752045 84
300000752045 704
300000752047 233
300000752047 623
300000752053 334
300000752053 73
300000752054 174
300000752054 54
300000752054 4
300000752054 164
300000752054 413
300000752055 103
300000752055 83
300000752056 813
300000752056 963
300000752057 1193
300000752057 474
300000752062 4
300000752062 93
300000752062 1073
300000752063 153
300000752067 214
300000752067 144
300000752070 944
300000752070 503
300000752070 704
300000752070 133
300000752082 54
300000752082 224
300000752082 1183
300000752084 694
300000752084 824
300000752092 853
300000752092 224
300000752092 1414
300000752092 843
300000752093 84
300000752093 1004
300000752093 824
300000752096 1203
300000752096 1074
300000752096 1183
300000752096 444
300000752096 334
300000752096 503
300000752098 1434
300000752098 1063
300000752098 754
300000752098 644
300000752098 504
300000752099 313
300000752099 803
300000752099 664
300000752099 644
300000752099 984
300000752099 1034
300000752099 504
300000752099 873
300000752099 1364
300000752099 1063
300000752099 1384
300000752099 654
300000752099 1173
300000752099 763
300000752099 1434
300000752099 94
300000752099 1334
300000752100 1164
300000752100 654
300000752103 94
300000752103 944
300000752105 524
300000752106 524
300000752113 524
300000752115 753
300000752115 444
300000752115 523
300000752116 524
300000752120 524
300000752123 753
300000752123 24
300000752124 1074
300000752127 1033
300000752127 123
300000752127 103
300000752127 313
300000752127 1273
300000752127 134
300000752128 43
300000752128 884
300000752131 524
300000752131 954
300000752132 94
300000752132 884
300000752144 524
300000752145 43
300000752145 414
300000752149 24
300000752149 294
300000752152 894
300000752152 174
300000752155 83
300000752155 753
300000752156 83
300000752156 753
300000752158 753
300000752158 524
300000752159 894
300000752159 174
300000752161 83
300000752161 753
300000752165 524
300000752167 24
300000752167 174
300000752168 83
300000752168 753
300000752169 83
300000752169 753
300000752171 83
300000752171 753
300000752174 83
300000752174 753
300000752175 753
300000752175 894
300000752182 524
300000752184 573
300000752184 524
300000752185 524
300000752188 524
300000752190 843
300000752190 623
300000752192 524
300000752192 884
300000752193 524
300000752194 403
300000752194 524
300000752196 403
300000752196 524
300000752196 174
300000752196 753
300000752197 753
300000752197 523
300000752197 704
300000752197 93
300000752202 524
300000752204 524
300000752204 24
300000752208 1033
300000752208 123
300000752209 884
300000752209 174
300000752210 524
300000752211 94
300000752211 123
300000752213 163
300000752213 1063
300000752213 444
300000752213 1354
300000752214 1434
300000752214 703
300000752214 93
300000752214 563
300000752216 713
300000752216 24
300000752217 24
300000752217 294
300000752217 123
300000752219 604
300000752219 24
300000752220 83
300000752220 753
300000752221 83
300000752221 753
300000752222 624
300000752222 524
300000752224 753
300000752224 403
300000752224 524
300000752227 294
300000752227 753
300000752227 164
300000752229 83
300000752229 753
300000752234 83
300000752234 753
300000752237 524
300000752245 54
300000752245 4
300000752254 693
300000752254 164
300000752264 294
300000752264 94
300000752264 1164
300000752266 83
300000752266 753
300000752267 83
300000752267 753
300000752268 83
300000752268 753
300000752270 83
300000752270 753
300000752271 524
300000752274 294
300000752274 134
300000752277 704
300000752277 133
300000752277 123
300000752278 83
300000752278 753
300000752281 83
300000752281 753
300000752281 403
300000752281 524
300000752287 54
300000752287 693
300000752287 24
300000752287 4
300000752287 174
300000752292 524
300000752300 83
300000752300 753
300000752301 524
300000752312 83
300000752312 753
300000752313 94
300000752313 503
300000752317 824
300000752317 1073
300000752317 384
300000752317 94
300000752322 1033
300000752322 733
300000752322 753
300000752322 523
300000752322 604
300000752336 894
300000752336 184
300000752336 23
300000752336 1174
300000752338 54
300000752338 1403
300000752343 914
300000752343 4
300000752345 1094
300000752345 1033
300000752345 1404
300000752345 964
300000752347 733
300000752347 753
300000752350 224
300000752350 713
300000752356 303
300000752356 824
300000752370 303
300000752370 1033
300000752372 273
300000752372 693
300000752372 4
300000752372 54
300000752383 403
300000752383 813
300000752385 704
300000752385 524
300000752392 54
300000752392 4
300000752393 714
300000752393 414
300000752393 974
300000752393 1284
300000752393 84
300000752401 454
300000752401 23
300000752405 4
300000752405 1034
300000752405 523
300000752405 1113
300000752406 1787
300000752406 133
300000752406 1033
300000752407 753
300000752415 54
300000752415 4
300000752415 693
300000752421 123
300000752423 1074
300000752423 994
300000752423 43
300000752423 133
300000752423 1203
300000752426 403
300000752427 184
300000752427 183
300000752427 1234
300000752433 554
300000752433 1034
300000752433 94
300000752433 1064
300000752441 1074
300000752441 133
300000752441 334
300000752441 233
300000752445 1183
300000752445 1414
300000752462 474
300000752462 874
300000752464 24
300000752469 874
300000752472 303
300000752472 93
300000752473 93
300000752473 1063
300000752473 813
300000752475 303
300000752475 824
300000752477 873
300000752477 734
300000752477 944
300000752482 694
300000752482 843
300000752482 334
300000752482 224
300000752482 1413
300000752482 1203
300000752482 303
300000752482 704
300000752489 714
300000752489 93
300000752489 263
300000752489 423
300000752489 734
300000752491 303
300000752491 93
300000752492 994
300000752497 624
300000752497 514
300000752502 24
300000752502 364
300000752503 273
300000752503 54
300000752503 413
300000752503 4
300000752509 554
300000752509 1203
300000752514 303
300000752514 93
300000752516 303
300000752516 824
300000752517 303
300000752517 93
300000752520 224
300000752520 724
300000752532 553
300000752532 1303
300000752537 303
300000752537 93
300000752542 1203
300000752542 1063
300000752543 303
300000752543 93
300000752546 303
300000752546 1033
300000752548 1183
300000752548 734
300000752551 263
300000752555 303
300000752555 93
300000752566 1223
300000752566 553
300000752572 1033
300000752572 924
300000752574 403
300000752574 964
300000752577 303
300000752577 44
300000752579 1741
300000752579 604
300000752589 1183
300000752589 103
300000752589 1304
300000752591 974
300000752591 924
300000752604 74
300000752604 364
300000752606 874
300000752607 93
300000752607 303
300000752609 964
300000752609 414
300000752609 474
300000752609 103
300000752609 704
300000752615 303
300000752615 93
300000752625 303
300000752625 93
300000752629 103
300000752629 303
300000752629 824
300000752634 403
300000752634 213
300000752652 753
300000752652 943
300000752653 324
300000752653 103
300000752653 1414
300000752653 244
300000752654 693
300000752654 413
300000752654 4
300000752654 164
300000752654 1323
300000752654 54
300000752654 273
300000752655 753
300000752655 943
300000752657 413
300000752657 164
300000752657 54
300000752657 273
300000752657 4
300000752657 1183
300000752658 413
300000752658 164
300000752658 54
300000752658 4
300000752677 574
300000752682 4
300000752682 413
300000752682 273
300000752682 693
300000752682 54
300000752682 1323
300000752682 164
300000752687 103
300000752687 224
300000752692 334
300000752692 444
300000752697 714
300000752697 103
300000752697 1033
300000752697 474
300000752697 974
300000752697 133
300000752697 233
300000752697 874
300000752697 903
300000752699 1183
300000752699 523
300000752759 514
300000752759 704
300000752759 584
300000752762 434
300000752762 303
300000752763 434
300000752763 303
300000752764 434
300000752764 303
300000752768 1273
300000752768 874
300000752768 503
300000752768 94
300000752773 624
300000752773 524
300000752780 1183
300000752780 523
300000752788 873
300000752788 43
300000752801 224
300000752801 1203
300000752811 924
300000752811 584
300000752821 423
300000752821 584
300000752825 584
300000752827 584
300000752827 704
300000752827 414
300000752827 454
300000752827 1183
300000752841 434
300000752841 303
300000752842 403
300000752842 53
300000752843 434
300000752843 303
300000752844 434
300000752844 303
300000752845 1414
300000752845 24
300000752845 703
300000752845 503
300000752863 4
300000752863 413
300000752863 164
300000752863 54
300000752863 273
300000752875 4
300000752875 693
300000752880 524
300000752881 753
300000752881 624
300000752881 524
300000752884 524
300000752890 84
300000752890 24
300000752894 1183
300000752894 523
300000752918 1173
300000752918 444
300000752920 743
300000752920 1173
300000752936 994
300000752936 133
300000752940 1073
300000752940 373
300000752940 824
300000752941 1183
300000752941 523
300000752942 974
300000752942 523
300000752951 383
300000752951 1414
300000752951 1675
300000752952 233
300000752952 404
300000752952 1204
300000752958 524
300000752958 753
300000752966 524
300000752966 444
300000752967 474
300000752967 874
300000752968 1073
300000752968 474
300000752968 874
300000752972 263
300000752972 324
300000752978 153
300000752978 524
300000752994 1203
300000752994 623
300000752994 224
300000752994 273
300000753023 874
300000753023 1304
300000753024 1394
300000753024 93
300000753025 824
300000753025 313
300000753025 553
300000753026 743
300000753026 244
300000753044 624
300000753044 414
300000753049 974
300000753049 133
300000753051 703
300000753051 553
300000753051 404
300000753052 523
300000753052 444
300000753054 974
300000753054 523
300000753057 713
300000753057 1033
300000753059 1063
300000753059 874
300000753064 93
300000753064 1124
300000753069 1304
300000753069 474
300000753071 974
300000753071 523
300000753080 1313
300000753080 703
300000753081 883
300000753081 174
300000753081 1404
300000753081 244
300000753083 474
300000753083 874
300000753086 524
300000753086 94
300000753086 503
300000753087 403
300000753087 1084
300000753091 883
300000753091 713
300000753091 644
300000753095 624
300000753095 524
300000753096 1074
300000753096 1094
300000753105 1164
300000753105 223
300000753105 964
300000753105 444
300000753133 1173
300000753133 1063
300000753135 1842
300000753135 673
300000753135 1920
300000753135 824
300000753135 873
300000753147 693
300000753147 304
300000753147 694
300000753153 1183
300000753153 523
300000753156 334
300000753156 1034
300000753157 703
300000753157 553
300000753158 583
300000753158 883
300000753158 24
300000753163 974
300000753169 1414
300000753171 553
300000753171 263
300000753172 824
300000753172 1304
300000753172 303
300000753172 1203
300000753172 1163
300000753172 704
300000753172 1434
300000753172 1333
300000753172 1193
300000753172 224
300000753172 724
300000753208 1214
300000753208 723
300000753211 1842
300000753211 673
300000753211 1920
300000753211 824
300000753211 873
300000753212 1842
300000753212 673
300000753212 1920
300000753212 824
300000753212 873
300000753218 1404
300000753218 1183
300000753219 524
300000753219 904
300000753222 43
300000753222 24
300000753222 1204
300000753223 1193
300000753223 134
300000753225 94
300000753225 874
300000753227 403
300000753233 403
300000753237 403
300000753238 403
300000753243 103
300000753243 474
300000753243 1404
300000753243 224
300000753243 233
300000753243 704
300000753244 434
300000753244 303
300000753246 403
300000753249 24
300000753255 403
300000753264 1183
300000753264 924
300000753271 524
300000753271 1223
300000753271 874
300000753271 974
300000753272 403
300000753278 403
300000753285 103
300000753285 24
300000753285 1074
300000753301 1404
300000753301 224
300000753301 1434
300000753301 1074
300000753301 474
300000753301 704
300000753305 403
300000753305 324
300000753308 403
300000753310 94
300000753310 133
300000753315 514
300000753315 403
300000753316 403
300000753323 974
300000753325 273
300000753325 54
300000753325 413
300000753325 4
300000753327 434
300000753327 303
300000753330 263
300000753330 324
300000753337 1193
300000753337 1283
300000753337 724
300000753337 704
300000753337 1404
300000753337 334
300000753337 134
300000753337 554
300000753337 304
300000753337 1273
300000753337 1304
300000753338 974
300000753338 523
300000753341 904
300000753341 524
300000753343 524
300000753343 24
300000753345 524
300000753345 813
300000753348 524
300000753348 813
300000753352 83
300000753352 753
300000753356 313
300000753356 1403
300000753356 724
300000753357 4
300000753357 164
300000753357 413
300000753359 73
300000753369 403
300000753369 524
300000753373 974
300000753373 884
300000753373 414
300000753375 403
300000753388 1193
300000753388 474
300000753388 1203
300000753398 24
300000753405 433
300000753405 54
300000753412 624
300000753412 1033
300000753412 1223
300000753412 1053
300000753412 1084
300000753414 434
300000753414 303
300000753416 1073
300000753416 1404
300000753418 1034
300000753418 644
300000753418 263
300000753418 323
300000753419 93
300000753419 614
300000753424 503
300000753424 694
300000753424 704
300000753437 904
300000753437 524
300000753439 1183
300000753439 523
300000753440 523
300000753440 444
300000753449 574
300000753449 753
300000753451 1033
300000753451 84
300000753459 383
300000753459 1414
300000753462 693
300000753462 413
300000753462 4
300000753462 1323
300000753462 54
300000753462 164
300000753471 1084
300000753471 474
300000753472 1183
300000753472 523
300000753473 523
300000753473 444
300000753474 404
300000753474 233
300000753481 54
300000753481 273
300000753481 4
300000753481 1323
300000753481 164
300000753481 413
300000753487 24
300000753487 583
300000753488 713
300000753488 1033
300000753490 693
300000753490 4
300000753490 273
300000753490 413
300000753490 54
300000753490 164
300000753494 173
300000753502 1404
300000753502 24
300000753508 1414
300000753508 524
300000753509 1204
300000753509 503
300000753509 694
300000753511 54
300000753511 164
300000753511 413
300000753511 4
300000753511 273
300000753518 904
300000753518 524
300000753530 843
300000753530 24
300000753530 54
300000753531 24
300000753531 54
300000753536 1053
300000753536 213
300000753545 133
300000753545 414
300000753561 24
300000753561 54
300000753566 24
300000753566 54
300000753568 964
300000753568 54
300000753568 24
300000753570 1283
300000753570 753
300000753580 693
300000753580 4
300000753580 273
300000753580 413
300000753580 54
300000753580 164
300000753582 173
300000753588 223
300000753588 894
300000753588 183
300000753588 23
300000753596 173
300000753596 1303
300000753596 84
300000753597 4
300000753597 54
300000753597 164
300000753597 413
300000753597 273
300000753598 503
300000753598 73
300000753605 724
300000753605 1314
300000753605 694
300000753605 1074
300000753611 24
300000753611 54
300000753615 404
300000753615 123
300000753617 1033
300000753620 704
300000753620 4
300000753621 1304
300000753621 403
300000753621 1403
300000753622 54
300000753622 403
300000753623 54
300000753623 24
300000753625 713
300000753625 964
300000753626 704
300000753626 1414
300000753630 403
300000753630 54
300000753630 24
300000753641 54
300000753641 24
300000753643 964
300000753643 423
300000753647 24
300000753647 54
300000753649 1234
300000753649 223
300000753657 24
300000753657 54
300000753658 1203
300000753658 884
300000753661 24
300000753661 54
300000753666 24
300000753666 54
300000753666 423
300000753666 964
300000753684 44
300000753684 1403
300000753689 133
300000753689 213
300000753689 974
300000753691 964
300000753695 24
300000753695 54
300000753696 964
300000753696 423
300000753696 713
300000753718 704
300000753718 653
300000753719 474
300000753719 874
300000753719 704
300000753719 103
300000753720 4
300000753720 273
300000753720 874
300000753720 54
300000753720 474
300000753743 4
300000753743 273
300000753746 23
300000753746 1174
300000753746 1404
300000753746 223
300000753746 184
300000753746 894
300000753746 1234
300000753746 183
300000753752 1174
300000753752 894
300000753752 223
300000753752 183
300000753761 1063
300000753761 133
300000753764 794
300000753764 1023
300000753764 414
300000753764 1284
300000753771 1203
300000753771 24
300000753771 503
300000753771 694
300000753771 1304
300000753775 24
300000753775 54
300000753781 24
300000753781 54
300000753782 964
300000753782 423
300000753786 964
300000753786 403
300000753787 403
300000753787 843
300000753800 444
300000753800 1183
300000753811 103
300000753811 773
300000753811 1404
300000753811 444
300000753811 553
300000753811 554
300000753813 813
300000753813 643
300000753813 1203
300000753813 754
300000753822 23
300000753822 223
300000753822 184
300000753825 583
300000753825 224
300000753829 133
300000753829 1393
300000753829 944
300000753829 1064
300000753829 324
300000753837 313
300000753837 583
300000753842 624
300000753842 524
300000753850 444
300000753850 523
300000753851 404
300000753851 334
300000753852 94
300000753852 434
300000753852 24
300000753852 1023
300000753865 1424
300000753865 1313
300000753867 1183
300000753867 523
300000753871 303
300000753871 434
300000753872 303
300000753872 434
300000753873 303
300000753873 434
300000753874 303
300000753874 434
300000753891 24
300000753891 584
300000753900 1183
300000753900 523
300000753904 303
300000753904 434
300000753907 303
300000753907 434
300000753908 303
300000753908 434
300000753910 303
300000753910 434
300000753912 584
300000753912 263
300000753921 924
300000753938 224
300000753938 1063
300000753938 54
300000753938 734
300000753955 974
300000753959 24
300000753962 303
300000753962 434
300000753963 303
300000753963 434
300000753967 304
300000753967 694
300000753967 1303
300000753980 183
300000753980 23
300000753980 223
300000753980 184
300000753980 894
300000753984 24
300000753989 364
300000753989 74
300000753995 403
300000753996 94
300000753996 43
300000754002 1074
300000754002 334
300000754002 133
300000754002 1193
300000754006 1364
300000754006 54
300000754029 403
300000754029 213
300000754030 303
300000754030 434
300000754032 523
300000754032 1033
300000754034 403
300000754037 184
300000754037 183
300000754037 894
300000754037 223
300000754037 1174
300000754037 23
300000754037 1234
300000754055 24
300000754061 94
300000754075 694
300000754075 73
300000754075 623
300000754075 233
300000754075 813
300000754075 1203
300000754076 303
300000754076 434
300000754077 224
300000754077 54
300000754077 1033
300000754077 434
300000754077 273
300000754077 303
300000754077 1183
300000754081 874
300000754081 1033
300000754097 1434
300000754097 994
300000754098 824
300000754098 184
300000754098 414
300000754098 693
300000754098 303
300000754098 224
300000754100 924
300000754101 303
300000754101 434
300000754113 1084
300000754113 1433
300000754125 1203
300000754125 503
300000754127 324
300000754127 693
300000754127 1074
300000754128 334
300000754128 474
300000754128 874
300000754129 273
300000754129 4
300000754129 54
300000754140 313
300000754140 174
300000754143 73
300000754143 753
300000754151 73
300000754151 753
300000754152 1033
300000754152 753
300000754154 453
300000754154 753
300000754154 403
300000754154 334
300000754155 524
300000754155 414
300000754155 884
300000754158 703
300000754158 1313
300000754160 1183
300000754160 523
300000754170 704
300000754170 474
300000754170 454
300000754170 714
300000754173 4
300000754173 54
300000754199 1304
300000754199 404
300000754199 103
300000754199 73
300000754199 1273
300000754203 1183
300000754203 523
300000754209 93
300000754209 753
300000754209 1453
300000754209 1074
300000754209 604
300000754216 84
300000754216 574
300000754216 753
300000754232 1033
300000754232 574
300000754232 313
300000754234 753
300000754234 1123
300000754234 384
300000754234 174
300000754235 704
300000754235 524
300000754235 753
300000754235 174
300000754236 403
300000754236 753
300000754236 654
300000754242 23
300000754242 523
300000754245 1414
300000754245 383
300000754246 524
300000754246 414
300000754252 383
300000754252 1414
300000754260 523
300000754260 444
300000754262 1183
300000754262 523
300000754264 974
300000754264 523
300000754265 444
300000754265 523
300000754273 523
300000754273 444
300000754281 693
300000754281 413
300000754281 4
300000754281 1323
300000754281 54
300000754281 164
300000754283 1063
300000754283 583
300000754283 554
300000754283 233
300000754283 1203
300000754285 843
300000754285 714
300000754285 503
300000754286 974
300000754286 523
300000754289 474
300000754289 974
300000754295 174
300000754295 414
300000754301 444
300000754301 523
300000754307 1323
300000754307 873
300000754309 4
300000754309 54
300000754309 273
300000754309 413
300000754309 164
300000754314 813
300000754314 503
300000754314 73
300000754316 1323
300000754316 54
300000754316 693
300000754319 974
300000754319 944
300000754320 224
300000754320 1183
300000754321 383
300000754321 403
300000754325 33
300000754325 824
300000754328 334
300000754328 704
300000754328 1193
300000754328 224
300000754329 1193
300000754329 754
300000754332 244
300000754332 964
300000754332 1404
300000754341 244
300000754341 403
300000754341 1404
300000754341 93
300000754341 583
300000754342 44
300000754342 414
300000754342 24
300000754342 1413
300000754342 624
300000754342 883
300000754342 123
300000754342 524
300000754342 1404
300000754342 753
300000754348 693
300000754348 173
300000754348 1434
300000754353 103
300000754353 554
300000754353 1274
300000754353 693
300000754353 273
300000754353 24
300000754355 693
300000754355 444
300000754356 1393
300000754356 1403
300000754357 1294
300000754357 304
300000754358 24
300000754358 304
300000754358 103
300000754358 583
300000754359 1414
300000754359 1033
300000754359 753
300000754359 474
300000754359 524
300000754360 553
300000754360 904
300000754361 874
300000754361 1033
300000754362 474
300000754362 1033
300000754363 1034
300000754363 523
300000754363 133
300000754363 853
300000754363 1113
300000754364 54
300000754364 4
300000754364 273
300000754364 13
300000754364 94
300000754364 1434
300000754364 243
300000754364 793
300000754365 1404
300000754365 1063
300000754365 773
300000754365 794
300000754365 94
300000754365 554
300000754366 713
300000754366 1273
300000754366 1033
300000754367 874
300000754367 24
300000754367 474
300000754367 503
300000754368 143
300000754368 574
300000754370 824
300000754370 1094
300000754380 1084
300000754380 954
300000754380 1353
300000754380 1133
300000754380 994
300000754380 1214
300000754380 1444
300000754380 733
300000754384 334
300000754384 503
300000754387 294
300000754387 943
300000754393 1283
300000754393 623
300000754394 73
300000754394 434
300000754396 1404
300000754396 813
300000754397 873
300000754397 164
300000754397 1113
300000754399 163
300000754399 4
300000754399 944
300000754420 1434
300000754420 693
300000754424 173
300000754424 1434
300000754424 693
300000754427 1842
300000754427 873
300000754428 704
300000754428 994
300000754429 974
300000754429 794
300000754429 824
300000754429 714
300000754429 404
300000754429 694
300000754429 773
300000754430 704
300000754430 334
300000754430 503
300000754439 183
300000754439 1842
300000754439 164
300000754464 724
300000754464 123
300000754464 743
300000754475 373
300000754475 714
300000754486 524
300000754486 173
300000754491 4
300000754491 273
300000754491 54
300000754491 413
300000754505 474
300000754505 874
300000754510 914
300000754510 1444
300000754510 943
300000754510 194
300000754510 1273
300000754525 1033
300000754525 133
300000754528 1403
300000754528 753
300000754535 194
300000754535 213
300000754547 303
300000754547 824
300000754548 303
300000754548 434
300000754549 303
300000754549 434
300000754550 303
300000754550 434
300000754551 303
300000754551 434
300000754552 303
300000754552 434
300000754553 303
300000754553 434
300000754554 434
300000754554 303
300000754555 303
300000754555 434
300000754557 303
300000754557 434
300000754558 303
300000754558 434
300000754559 303
300000754559 434
300000754561 303
300000754561 434
300000754563 303
300000754563 434
300000754564 303
300000754564 434
300000754565 303
300000754565 434
300000754566 303
300000754566 434
300000754567 303
300000754567 434
300000754569 303
300000754569 434
300000754570 303
300000754570 434
300000754571 303
300000754571 434
300000754572 303
300000754572 434
300000754573 303
300000754573 434
300000754574 303
300000754574 434
300000754579 94
300000754579 954
300000754581 524
300000754581 813
300000754581 174
300000754582 524
300000754583 134
300000754583 294
300000754585 874
300000754585 474
300000754586 444
300000754587 54
300000754587 4
300000754587 273
300000754587 693
300000754587 413
300000754587 164
300000754587 1323
300000754588 164
300000754588 273
300000754601 1164
300000754601 704
300000754601 194
300000754606 194
300000754607 194
300000754607 1063
300000754608 194
300000754609 194
300000754611 703
300000754611 1313
300000754616 1033
300000754621 194
300000754622 303
300000754622 434
300000754623 1203
300000754623 503
300000754626 303
300000754626 434
300000754627 303
300000754627 434
300000754628 303
300000754628 434
300000754631 303
300000754631 434
300000754632 303
300000754632 434
300000754633 303
300000754633 434
300000754634 584
300000754634 1064
300000754634 703
300000754637 303
300000754637 434
300000754641 303
300000754641 434
300000754642 303
300000754642 434
300000754643 303
300000754643 434
300000754644 303
300000754644 434
300000754645 303
300000754645 434
300000754646 303
300000754646 434
300000754647 303
300000754647 434
300000754648 604
300000754648 1364
300000754649 1174
300000754649 164
300000754649 54
300000754649 1234
300000754649 693
300000754649 4
300000754651 303
300000754651 434
300000754652 303
300000754652 434
300000754653 303
300000754653 434
300000754654 303
300000754654 434
300000754656 303
300000754656 434
300000754657 303
300000754657 434
300000754658 303
300000754658 434
300000754659 303
300000754659 434
300000754661 123
300000754661 474
300000754663 303
300000754663 434
300000754664 303
300000754664 434
300000754667 303
300000754667 434
300000754668 303
300000754668 434
300000754670 403
300000754670 514
300000754672 1363
300000754673 403
300000754674 303
300000754674 434
300000754675 303
300000754675 434
300000754676 303
300000754676 434
300000754677 103
300000754677 964
300000754677 1404
300000754680 24
300000754682 303
300000754682 434
300000754683 403
300000754685 303
300000754685 434
300000754686 303
300000754686 434
300000754687 303
300000754687 434
300000754689 303
300000754689 434
300000754690 303
300000754690 434
300000754691 303
300000754691 434
300000754694 303
300000754694 434
300000754696 1403
300000754700 1293
300000754700 274
300000754701 1293
300000754701 274
300000754703 1293
300000754703 274
300000754706 233
300000754706 1333
300000754706 373
300000754706 824
300000754706 583
300000754706 554
300000754741 54
300000754741 4
300000754758 1183
300000754758 523
300000754775 303
300000754775 434
300000754779 303
300000754779 434
300000754780 693
300000754780 413
300000754780 273
300000754780 164
300000754780 1323
300000754793 474
300000754793 874
300000754805 1033
300000754805 974
300000754811 924
300000754811 194
300000754811 423
300000754813 313
300000754813 824
300000754822 663
300000754822 194
300000754825 474
300000754825 824
300000754827 974
300000754827 1033
300000754829 54
300000754829 164
300000754831 164
300000754831 1323
300000754832 4
300000754832 693
300000754842 693
300000754842 164
300000754881 1204
300000754881 1073
300000754883 1033
300000754883 1183
300000754897 414
300000754897 133
300000754897 1434
300000754903 364
300000754903 1304
300000754916 403
300000754922 273
300000754922 363
300000754922 734
300000754922 93
300000754924 503
300000754924 514
300000754924 474
300000754926 974
300000754932 364
300000754932 1214
300000754932 554
300000754933 964
300000754933 403
300000754934 94
300000754937 263
300000754937 703
300000754938 974
300000754946 24
300000754955 623
300000754955 1203
300000754959 703
300000754959 423
300000754959 1193
300000754959 1333
300000754959 244
300000754960 1314
300000754960 994
300000754960 133
300000754964 1283
300000754964 623
300000754969 24
300000754976 743
300000754976 763
300000754985 474
300000754985 1304
300000754989 54
300000754989 273
300000754989 693
300000754989 164
300000754989 4
300000754989 413
300000754990 413
300000754990 54
300000754990 164
300000754990 693
300000754990 4
300000754990 273
300000754996 224
300000754996 444
300000754999 1333
300000754999 384
300000754999 964
300000754999 224
300000755008 303
300000755008 824
300000755010 1193
300000755010 1074
300000755010 1333
300000755014 403
300000755018 1304
300000755018 1183
300000755018 184
300000755018 734
300000755018 873
300000755018 1234
300000755018 1033
300000755018 1323
300000755018 704
300000755018 1214
300000755021 1074
300000755021 1214
300000755021 224
300000755021 843
300000755021 1063
300000755021 1203
300000755021 623
300000755028 474
300000755028 1074
300000755028 964
300000755028 704
300000755031 724
300000755031 73
300000755039 403
300000755043 403
300000755048 1333
300000755048 824
300000755048 303
300000755048 1163
300000755048 724
300000755053 1033
300000755053 1214
300000755053 1304
300000755062 553
300000755062 324
300000755062 1879
300000755062 703
300000755062 263
300000755062 1413
300000755062 1223
300000755062 574
300000755064 524
300000755064 624
300000755069 524
300000755069 1033
300000755070 663
300000755070 313
300000755070 753
300000755070 604
300000755070 174
300000755079 1193
300000755079 94
300000755079 704
300000755079 623
300000755079 994
300000755079 824
300000755079 1283
300000755079 724
300000755079 1434
300000755079 1333
300000755079 334
300000755079 1214
300000755079 1404
300000755079 1033
300000755079 93
300000755080 334
300000755080 874
300000755080 1414
300000755080 1214
300000755080 474
300000755080 414
300000755090 23
300000755090 523
300000755094 943
300000755094 464
300000755094 753
300000755094 1033
300000755094 174
300000755094 363
300000755097 1313
300000755097 174
300000755097 1403
300000755097 824
300000755097 1223
300000755097 93
300000755097 1033
300000755098 414
300000755098 474
300000755098 174
300000755106 1193
300000755106 334
300000755106 623
300000755106 233
300000755106 1164
300000755106 194
300000755106 1074
300000755106 1433
300000755106 73
300000755106 24
300000755106 404
300000755106 873
300000755107 793
300000755107 704
300000755107 304
300000755107 4
300000755107 1274
300000755107 373
300000755109 1424
300000755109 724
300000755109 1313
300000755109 1394
300000755109 434
300000755109 824
300000755109 1183
300000755112 184
300000755112 1234
300000755112 183
300000755112 894
300000755112 1174
300000755112 664
300000755112 223
300000755113 363
300000755113 794
300000755113 364
300000755113 704
300000755113 974
300000755113 54
300000755113 233
300000755113 853
300000755113 793
300000755113 1434
300000755113 373
300000755113 1433
300000755117 474
300000755117 1413
300000755119 874
300000755119 1183
300000755125 84
300000755125 704
300000755125 974
300000755125 773
300000755129 524
300000755129 813
300000755139 974
300000755139 624
300000755148 974
300000755148 523
300000755175 54
300000755175 273
300000755175 4
300000755175 1304
300000755175 404
300000755175 243
300000755175 873
300000755175 693
300000755175 824
300000755175 244
300000755183 1414
300000755183 133
300000755183 404
300000755183 244
300000755183 93
300000755183 1274
300000755183 324
300000755184 4
300000755184 1323
300000755184 54
300000755184 693
300000755187 664
300000755187 223
300000755187 184
300000755187 1234
300000755187 183
300000755187 894
300000755187 1174
300000755188 523
300000755188 1183
300000755189 1183
300000755189 523
300000755192 624
300000755192 524
300000755192 874
300000755193 754
300000755193 244
300000755195 173
300000755195 644
300000755195 334
300000755195 293
300000755202 263
300000755202 703
300000755202 324
300000755216 1323
300000755216 693
300000755230 1033
300000755230 553
300000755230 234
300000755231 234
300000755231 383
300000755231 1223
300000755231 553
300000755232 1414
300000755232 383
300000755242 194
300000755242 143
300000755244 134
300000755244 194
300000755244 264
300000755244 1193
300000755244 693
300000755249 523
300000755249 1183
300000755249 174
300000755250 474
300000755250 1084
300000755252 1074
300000755252 224
300000755259 884
300000755259 753
300000755260 524
300000755265 474
300000755265 874
300000755278 1074
300000755278 1433
300000755288 813
300000755288 524
300000755289 654
300000755289 174
300000755292 753
300000755292 813
300000755292 524
300000755292 313
300000755295 1343
300000755295 1879
300000755298 263
300000755298 553
300000755298 324
300000755311 974
300000755311 444
300000755311 794
300000755311 994
300000755312 943
300000755312 1273
300000755312 4
300000755312 363
300000755312 824
300000755312 1304
300000755312 133
300000755312 994
300000755312 54
300000755313 763
300000755313 424
300000755314 213
300000755314 473
300000755314 94
300000755317 303
300000755317 93
300000755318 303
300000755318 93
300000755319 303
300000755319 93
300000755320 303
300000755320 93
300000755321 303
300000755321 93
300000755322 303
300000755322 93
300000755323 303
300000755323 93
300000755324 303
300000755324 93
300000755325 303
300000755325 93
300000755326 303
300000755326 93
300000755327 303
300000755327 93
300000755328 303
300000755328 93
300000755329 93
300000755329 303
300000755330 303
300000755330 93
300000755331 303
300000755331 93
300000755332 303
300000755332 93
300000755333 303
300000755333 93
300000755334 303
300000755334 93
300000755335 303
300000755335 93
300000755336 303
300000755336 93
300000755337 303
300000755337 93
300000755338 303
300000755338 93
300000755339 303
300000755339 93
300000755340 303
300000755340 93
300000755341 303
300000755341 93
300000755342 303
300000755342 93
300000755343 303
300000755343 93
300000755344 303
300000755344 93
300000755345 93
300000755345 303
300000755346 303
300000755346 93
300000755347 303
300000755347 93
300000755348 303
300000755348 93
300000755349 303
300000755349 93
300000755350 303
300000755350 93
300000755351 303
300000755351 93
300000755352 303
300000755352 93
300000755353 303
300000755353 93
300000755354 303
300000755354 93
300000755355 303
300000755355 93
300000755356 303
300000755356 93
300000755357 303
300000755357 93
300000755358 303
300000755358 93
300000755359 303
300000755359 93
300000755360 303
300000755360 93
300000755361 303
300000755361 93
300000755362 303
300000755362 93
300000755363 303
300000755363 93
300000755364 303
300000755364 93
300000755365 303
300000755365 93
300000755366 303
300000755366 93
300000755367 303
300000755367 93
300000755368 303
300000755368 93
300000755370 303
300000755370 93
300000755371 303
300000755371 93
300000755372 303
300000755372 93
300000755373 303
300000755373 93
300000755374 303
300000755374 93
300000755376 743
300000755376 444
300000755380 234
300000755380 464
300000755393 303
300000755393 93
300000755394 303
300000755394 93
300000755395 303
300000755395 93
300000755396 303
300000755396 93
300000755397 303
300000755397 93
300000755398 303
300000755398 93
300000755399 303
300000755399 93
300000755400 303
300000755400 93
300000755401 303
300000755401 93
300000755402 303
300000755402 93
300000755403 303
300000755403 93
300000755404 303
300000755404 93
300000755405 303
300000755405 93
300000755406 303
300000755406 93
300000755407 303
300000755407 93
300000755408 303
300000755408 93
300000755409 303
300000755409 93
300000755410 303
300000755410 93
300000755411 303
300000755411 93
300000755412 303
300000755412 93
300000755413 303
300000755413 93
300000755414 303
300000755414 93
300000755415 303
300000755415 93
300000755416 303
300000755416 93
300000755417 303
300000755417 93
300000755418 303
300000755418 93
300000755419 303
300000755419 93
300000755420 303
300000755420 93
300000755421 303
300000755421 93
300000755422 303
300000755422 93
300000755423 303
300000755423 93
300000755424 303
300000755424 93
300000755425 303
300000755425 93
300000755426 303
300000755426 93
300000755427 303
300000755427 93
300000755428 303
300000755428 93
300000755429 303
300000755429 93
300000755430 303
300000755430 93
300000755431 303
300000755431 93
300000755432 303
300000755432 93
300000755433 303
300000755433 93
300000755434 303
300000755434 93
300000755435 303
300000755435 93
300000755436 303
300000755436 93
300000755437 303
300000755437 93
300000755438 303
300000755438 93
300000755439 303
300000755439 93
300000755440 303
300000755440 93
300000755441 303
300000755441 93
300000755443 303
300000755443 93
300000755444 303
300000755444 93
300000755445 303
300000755445 93
300000755446 303
300000755446 93
300000755447 303
300000755447 93
300000755448 303
300000755448 93
300000755449 303
300000755449 93
300000755450 303
300000755450 93
300000755451 303
300000755451 93
300000755452 303
300000755452 93
300000755453 303
300000755453 93
300000755454 303
300000755454 93
300000755455 303
300000755455 93
300000755456 303
300000755456 93
300000755457 303
300000755457 93
300000755458 303
300000755458 93
300000755459 303
300000755459 93
300000755460 303
300000755460 93
300000755461 303
300000755461 93
300000755462 303
300000755462 93
300000755463 303
300000755463 93
300000755464 303
300000755464 93
300000755465 303
300000755465 93
300000755466 303
300000755466 93
300000755467 303
300000755467 93
300000755468 303
300000755468 93
300000755469 303
300000755469 93
300000755470 303
300000755470 93
300000755471 303
300000755471 93
300000755472 303
300000755472 93
300000755473 53
300000755473 94
300000755474 303
300000755474 93
300000755475 303
300000755475 93
300000755476 303
300000755476 93
300000755477 303
300000755477 93
300000755478 303
300000755478 93
300000755479 303
300000755479 93
300000755480 303
300000755480 93
300000755481 303
300000755481 93
300000755482 303
300000755482 93
300000755483 303
300000755483 93
300000755484 303
300000755484 93
300000755485 303
300000755485 93
300000755486 303
300000755486 93
300000755487 303
300000755487 93
300000755488 303
300000755488 93
300000755489 303
300000755489 93
300000755490 303
300000755490 93
300000755491 303
300000755491 93
300000755492 303
300000755492 93
300000755493 303
300000755493 93
300000755494 303
300000755494 93
300000755495 303
300000755495 93
300000755496 303
300000755496 93
300000755497 303
300000755497 93
300000755498 303
300000755498 93
300000755499 303
300000755499 93
300000755500 303
300000755500 93
300000755501 303
300000755501 93
300000755502 303
300000755502 93
300000755503 303
300000755503 93
300000755504 303
300000755504 93
300000755505 303
300000755505 93
300000755506 303
300000755506 93
300000755507 303
300000755507 93
300000755508 303
300000755508 93
300000755509 303
300000755509 93
300000755510 303
300000755510 93
300000755511 303
300000755511 93
300000755512 303
300000755512 93
300000755513 303
300000755513 93
300000755514 824
300000755514 53
300000755514 94
300000755515 303
300000755515 93
300000755516 303
300000755516 93
300000755517 303
300000755517 93
300000755518 303
300000755518 93
300000755520 303
300000755520 93
300000755521 303
300000755521 93
300000755522 303
300000755522 93
300000755523 303
300000755523 93
300000755524 303
300000755524 93
300000755525 303
300000755525 93
300000755526 303
300000755526 93
300000755528 303
300000755528 93
300000755529 303
300000755529 93
300000755530 303
300000755530 93
300000755531 303
300000755531 93
300000755532 303
300000755532 93
300000755533 303
300000755533 93
300000755534 303
300000755534 93
300000755535 303
300000755535 93
300000755536 303
300000755536 93
300000755537 303
300000755537 93
300000755538 303
300000755538 93
300000755539 303
300000755539 93
300000755540 303
300000755540 93
300000755541 303
300000755541 93
300000755542 303
300000755542 93
300000755543 303
300000755543 93
300000755544 303
300000755544 93
300000755545 303
300000755545 93
300000755546 303
300000755546 93
300000755547 303
300000755547 93
300000755548 303
300000755548 93
300000755549 303
300000755549 93
300000755550 303
300000755550 93
300000755551 303
300000755551 93
300000755552 303
300000755552 93
300000755553 303
300000755553 93
300000755554 303
300000755554 93
300000755556 303
300000755556 93
300000755557 303
300000755557 93
300000755558 303
300000755558 93
300000755559 303
300000755559 93
300000755560 303
300000755560 93
300000755561 303
300000755561 93
300000755562 303
300000755562 93
300000755563 303
300000755563 93
300000755563 53
300000755563 94
300000755564 303
300000755564 93
300000755565 303
300000755565 93
300000755566 303
300000755566 93
300000755567 303
300000755567 93
300000755568 303
300000755568 93
300000755570 303
300000755570 93
300000755571 303
300000755571 93
300000755572 303
300000755572 93
300000755573 303
300000755573 93
300000755574 303
300000755574 93
300000755575 303
300000755575 93
300000755575 53
300000755575 94
300000755576 303
300000755576 93
300000755577 303
300000755577 93
300000755578 303
300000755578 93
300000755579 303
300000755579 93
300000755580 303
300000755580 93
300000755581 303
300000755581 93
300000755582 303
300000755582 93
300000755583 303
300000755583 93
300000755584 303
300000755584 93
300000755585 303
300000755585 93
300000755586 303
300000755586 93
300000755587 303
300000755587 93
300000755588 303
300000755588 93
300000755589 303
300000755589 93
300000755590 303
300000755590 93
300000755591 303
300000755591 93
300000755592 303
300000755592 93
300000755593 303
300000755593 93
300000755593 53
300000755593 94
300000755594 303
300000755594 93
300000755595 303
300000755595 93
300000755596 303
300000755596 93
300000755597 303
300000755597 93
300000755598 303
300000755598 93
300000755598 53
300000755598 94
300000755599 303
300000755599 93
300000755600 303
300000755600 93
300000755600 53
300000755600 94
300000755601 303
300000755601 93
300000755602 303
300000755602 93
300000755604 303
300000755604 93
300000755605 303
300000755605 93
300000755605 53
300000755605 94
300000755606 303
300000755606 93
300000755607 303
300000755607 93
300000755608 303
300000755608 93
300000755609 303
300000755609 93
300000755610 303
300000755610 93
300000755611 303
300000755611 93
300000755612 303
300000755612 93
300000755613 303
300000755613 93
300000755614 303
300000755614 93
300000755615 303
300000755615 93
300000755615 53
300000755615 94
300000755616 303
300000755616 93
300000755617 303
300000755617 93
300000755618 303
300000755618 93
300000755619 303
300000755619 93
300000755620 303
300000755620 93
300000755621 303
300000755621 93
300000755622 303
300000755622 93
300000755623 303
300000755623 93
300000755623 53
300000755623 94
300000755624 303
300000755624 93
300000755625 303
300000755625 93
300000755625 53
300000755625 94
300000755626 303
300000755626 93
300000755627 303
300000755627 93
300000755628 303
300000755628 93
300000755629 303
300000755629 93
300000755630 303
300000755630 93
300000755631 303
300000755631 93
300000755632 303
300000755632 93
300000755633 303
300000755633 93
300000755634 303
300000755634 93
300000755635 303
300000755635 93
300000755636 303
300000755636 93
300000755637 303
300000755637 93
300000755638 303
300000755638 93
300000755639 303
300000755639 93
300000755640 303
300000755640 93
300000755641 303
300000755641 93
300000755642 303
300000755642 93
300000755643 303
300000755643 93
300000755644 303
300000755644 93
300000755645 303
300000755645 93
300000755646 303
300000755646 93
300000755647 303
300000755647 93
300000755648 303
300000755648 93
300000755649 303
300000755649 93
300000755650 303
300000755650 93
300000755652 303
300000755652 93
300000755653 303
300000755653 93
300000755653 53
300000755653 94
300000755654 303
300000755654 93
300000755655 303
300000755655 93
300000755656 303
300000755656 93
300000755657 303
300000755657 93
300000755658 303
300000755658 93
300000755658 53
300000755658 94
300000755659 303
300000755659 93
300000755660 303
300000755660 93
300000755661 303
300000755661 93
300000755662 303
300000755662 93
300000755669 1183
300000755669 523
300000755670 943
300000755670 363
300000755670 294
300000755670 464
300000755675 303
300000755675 93
300000755676 303
300000755676 93
300000755677 303
300000755677 93
300000755678 303
300000755678 93
300000755678 53
300000755678 94
300000755679 303
300000755679 93
300000755680 303
300000755680 93
300000755681 303
300000755681 93
300000755682 303
300000755682 93
300000755683 303
300000755683 93
300000755683 53
300000755683 94
300000755684 303
300000755684 93
300000755685 303
300000755685 93
300000755686 303
300000755686 93
300000755687 303
300000755687 93
300000755688 303
300000755688 93
300000755688 53
300000755688 94
300000755689 303
300000755689 93
300000755690 303
300000755690 93
300000755692 624
300000755692 524
300000755704 624
300000755704 524
300000755775 1424
300000755775 883
300000755775 263
300000755775 1404
300000755778 174
300000755778 244
300000755792 563
300000755792 284
300000755796 563
300000755796 763
300000755798 73
300000755798 693
300000755798 354
300000755800 323
300000755800 563
300000755871 713
300000755871 194
300000755872 523
300000755885 324
300000755885 403
300000755885 704
300000755885 523
300000755894 503
300000755894 454
300000755894 704
300000755895 84
300000755895 704
300000755895 974
300000755895 794
300000755896 773
300000755896 974
300000755896 4
300000755896 704
300000755896 273
300000755896 754
300000755896 233
300000755896 54
300000755896 404
300000755896 794
300000755896 693
300000755896 824
300000755896 1413
300000755896 363
300000755896 243
300000755899 1414
300000755899 1675
300000755899 383
300000755916 4
300000755916 54
300000755916 243
300000755916 273
300000755926 24
300000755928 924
300000755928 423
300000755928 1383
300000755933 1203
300000755933 843
300000755933 334
300000755933 1433
300000755933 724
300000755933 704
300000755933 554
300000755933 1404
300000755933 964
300000755935 703
300000755935 324
300000755940 734
300000755940 1183
300000755950 974
300000755950 734
300000755955 1193
300000755955 224
300000755958 303
300000755958 824
300000755960 303
300000755960 824
300000755967 1333
300000755967 714
300000755967 1404
300000755970 444
300000755970 924
300000755971 303
300000755971 824
300000755974 1183
300000755974 1084
300000755975 624
300000755975 514
300000755978 24
300000755981 1033
300000755981 924
300000755985 24
300000755992 924
300000755993 24
300000755997 24
300000756005 994
300000756005 714
300000756013 403
300000756022 474
300000756022 704
300000756022 874
300000756029 4
300000756029 364
300000756029 503
300000756029 164
300000756029 54
300000756029 1323
300000756031 303
300000756031 1333
300000756031 824
300000756031 1304
300000756034 1333
300000756034 1074
300000756037 184
300000756037 894
300000756037 223
300000756037 664
300000756037 183
300000756039 514
300000756039 293
300000756043 874
300000756043 474
300000756047 403
300000756052 874
300000756052 474
300000756056 813
300000756056 414
300000756060 464
300000756060 93
300000756062 1183
300000756062 1203
300000756083 474
300000756083 874
300000756088 54
300000756088 273
300000756088 873
300000756088 693
300000756088 4
300000756088 164
300000756088 824
300000756088 243
300000756088 794
300000756089 244
300000756089 994
300000756089 704
300000756089 1413
300000756089 233
300000756095 1314
300000756095 1074
300000756116 24
300000756116 503
300000756117 404
300000756117 1283
300000756121 474
300000756121 1084
300000756124 1183
300000756124 523
300000756126 474
300000756126 1084
300000756127 1054
300000756127 1233
300000756129 494
300000756129 1294
300000756277 303
300000756277 824
300000756282 303
300000756282 93
300000756283 303
300000756283 93
300000756287 523
300000756287 1183
300000756294 1334
300000756294 564
300000756294 214
300000756303 1183
300000756303 444
300000756303 474
300000756303 874
300000756305 1314
300000756305 694
300000756305 1203
300000756313 1294
300000756313 494
300000756314 1294
300000756314 494
300000756373 1203
300000756373 503
300000756377 164
300000756377 54
300000756377 273
300000756377 4
300000756377 413
300000756378 24
300000756378 503
300000756388 4
300000756388 54
300000756392 994
300000756392 73
300000756395 273
300000756395 54
300000756395 164
300000756395 413
300000756395 4
300000756399 4
300000756399 54
300000756399 164
300000756399 413
300000756399 273
300000756400 813
300000756400 383
300000756406 853
300000756406 583
300000756411 194
300000756411 224
300000756417 474
300000756417 874
300000756420 173
300000756422 773
300000756422 824
300000756422 693
300000756422 24
300000756422 1413
300000756422 1274
300000756422 704
300000756433 524
300000756434 753
300000756434 424
300000756435 753
300000756435 1403
300000756435 93
300000756435 334
300000756449 164
300000756449 54
300000756456 1273
300000756456 964
300000756456 73
300000756457 1094
300000756457 143
300000756470 794
300000756470 824
300000756470 1304
300000756470 434
300000756470 714
300000756470 974
300000756470 1413
300000756470 133
300000756470 704
300000756479 4
300000756479 54
300000756479 164
300000756479 413
300000756479 273
300000756480 474
300000756480 874
300000756480 233
300000756480 813
300000756481 413
300000756481 1183
300000756481 944
300000756481 1323
300000756481 273
300000756482 1323
300000756482 873
300000756483 4
300000756483 413
300000756483 54
300000756483 164
300000756483 273
300000756486 4
300000756486 183
300000756486 894
300000756486 413
300000756486 54
300000756486 223
300000756486 164
300000756486 664
300000756486 273
300000756487 273
300000756487 83
300000756487 4
300000756487 54
300000756487 164
300000756487 413
300000756488 4
300000756488 413
300000756488 54
300000756488 164
300000756488 273
300000756490 194
300000756490 1413
300000756490 334
300000756495 173
300000756506 174
300000756506 24
300000756506 1033
300000756508 743
300000756508 724
300000756508 524
300000756508 753
300000756512 753
300000756512 24
300000756513 174
300000756513 753
300000756515 864
300000756515 1074
300000756515 1787
300000756515 753
300000756549 583
300000756549 1404
300000756549 853
300000756566 874
300000756566 454
300000756569 704
300000756569 754
300000756569 1274
300000756569 24
300000756569 693
300000756569 824
300000756569 1193
300000756569 1304
300000756569 583
300000756569 1273
300000756569 334
300000756570 1033
300000756570 753
300000756570 523
300000756570 874
300000756570 173
300000756573 174
300000756573 414
300000756574 4
300000756574 1058
300000756578 704
300000756578 1404
300000756584 704
300000756584 414
300000756595 664
300000756595 1174
300000756595 363
300000756595 324
300000756595 1234
300000756595 614
300000756595 894
300000756609 383
300000756609 1414
300000756614 553
300000756614 574
300000756614 263
300000756614 324
300000756614 703
300000756618 803
300000756618 313
300000756618 174
300000756618 574
300000756619 753
300000756619 424
300000756622 1003
300000756622 2023
300000756622 214
300000756624 304
300000756624 4
300000756624 754
300000756624 133
300000756624 733
300000756624 444
300000756624 853
300000756624 404
300000756624 13
300000756624 363
300000756624 1404
300000756624 164
300000756627 523
300000756627 843
300000756627 724
300000756627 1193
300000756627 1073
300000756627 623
300000756637 703
300000756637 574
300000756637 963
300000756637 1033
300000756637 263
300000756637 553
300000756637 324
300000756649 503
300000756649 444
300000756649 794
300000756649 944
300000756649 473
300000756649 244
300000756662 813
300000756662 714
300000756678 1063
300000756678 974
300000756678 874
300000756679 414
300000756679 383
300000756679 523
300000756679 1124
300000756679 183
300000756683 693
300000756683 164
300000756683 13
300000756683 4
300000756683 54
300000756683 1323
300000756683 273
300000756684 403
300000756684 414
300000756694 313
300000756694 174
300000756696 713
300000756696 1253
300000756696 2030
300000756696 824
300000756696 213
300000756696 1334
300000756696 543
300000756696 413
300000756696 44
300000756696 1423
300000756696 964
300000756696 314
300000756696 1234
300000756696 313
300000756696 493
300000756696 1868
300000756696 843
300000756696 354
300000756696 1405
300000756696 743
300000756696 2023
300000756696 1023
300000756696 1553
300000756697 233
300000756697 994
300000756697 794
300000756697 1164
300000756697 974
300000756697 324
300000756698 874
300000756698 173
300000756706 753
300000756706 843
300000756706 713
300000756706 294
300000756708 183
300000756708 624
300000756709 184
300000756709 523
300000756711 754
300000756711 1273
300000756711 1304
300000756711 404
300000756715 54
300000756715 273
300000756715 1323
300000756715 13
300000756715 4
300000756715 164
300000756715 1434
300000756715 243
300000756718 523
300000756718 1073
300000756721 184
300000756721 364
300000756729 233
300000756729 404
300000756737 813
300000756737 324
300000756737 824
300000756737 334
300000756739 243
300000756739 54
300000756739 164
300000756739 273
300000756739 4
300000756740 164
300000756740 4
300000756740 54
300000756740 273
300000756740 243
300000756748 54
300000756748 164
300000756748 1084
300000756748 273
300000756748 4
300000756748 1303
300000756748 243
300000756749 164
300000756749 4
300000756749 54
300000756749 273
300000756749 243
300000756761 523
300000756761 974
300000756763 1073
300000756763 184
300000756789 1414
300000756789 383
300000756799 874
300000756799 173
300000756800 1073
300000756800 523
300000756801 523
300000756801 974
300000756808 853
300000756808 384
300000756810 693
300000756810 1074
300000756814 243
300000756814 4
300000756814 553
300000756816 524
300000756816 183
300000756820 753
300000756820 183
300000756822 313
300000756822 574
300000756825 624
300000756825 524
300000756827 364
300000756827 813
300000756827 524
300000756829 693
300000756829 54
300000756829 4
300000756830 523
300000756830 1073
300000756835 54
300000756835 273
300000756835 4
300000756836 623
300000756836 1283
300000756838 874
300000756838 234
300000756838 753
300000756838 553
300000756838 1033
300000756838 173
300000756839 4
300000756839 754
300000756839 1434
300000756839 54
300000756839 583
300000756839 1274
300000756839 473
300000756839 164
300000756848 874
300000756848 1333
300000756848 173
300000756850 173
300000756850 874
300000756851 523
300000756851 1073
300000756852 523
300000756852 1073
300000756856 883
300000756856 453
300000756857 414
300000756857 503
300000756868 194
300000756868 453
300000756870 403
300000756870 213
300000756872 523
300000756872 974
300000756875 1224
300000756875 1424
300000756879 173
300000756879 874
300000756879 1404
300000756879 1033
300000756879 753
300000756880 523
300000756880 1073
300000756885 403
300000756885 624
300000756888 54
300000756888 4
300000756888 693
300000756888 164
300000756888 273
300000756888 1323
300000756891 803
300000756891 313
300000756892 654
300000756892 753
300000756892 24
300000756893 403
300000756893 524
300000756895 1033
300000756895 874
300000756895 24
300000756902 54
300000756902 4
300000756902 273
300000756902 24
300000756905 874
300000756905 173
300000756908 974
300000756908 794
300000756908 1283
300000756908 453
300000756908 173
300000756908 473
300000756916 224
300000756916 1203
300000756919 523
300000756919 1073
300000756920 1073
300000756920 523
300000756923 213
300000756923 694
300000756923 1404
300000756923 1304
300000756923 1203
300000756923 1073
300000756923 473
300000756923 224
300000756926 434
300000756926 334
300000756926 1333
300000756926 233
300000756926 773
300000756926 1394
300000756926 824
300000756926 994
300000756926 133
300000756926 794
300000756927 874
300000756927 173
300000756929 1304
300000756929 173
300000756934 403
300000756934 183
300000756938 1193
300000756938 704
300000756938 324
300000756939 224
300000756939 724
300000756939 974
300000756939 694
300000756943 4
300000756943 1323
300000756943 754
300000756943 704
300000756943 1434
300000756943 54
300000756943 974
300000756943 444
300000756943 1164
300000756943 233
300000756943 13
300000756943 243
300000756946 383
300000756946 1675
300000756946 1414
300000756955 523
300000756955 1073
300000756962 624
300000756962 403
300000756968 1073
300000756968 523
300000756971 1274
300000756971 704
300000756976 1073
300000756976 523
300000756977 364
300000756977 194
300000756978 1283
300000756978 434
300000756978 173
300000756978 1193
300000756978 623
300000756979 974
300000756979 1033
300000756979 1414
300000756979 753
300000756980 404
300000756980 324
300000756980 1023
300000756980 704
300000756980 794
300000756985 843
300000756985 173
300000756985 714
300000756989 1073
300000756989 523
300000756990 974
300000756990 523
300000756991 54
300000756991 273
300000756991 4
300000756994 824
300000756994 773
300000756994 974
300000756994 1413
300000756994 704
300000756994 714
300000756994 794
300000757003 1273
300000757003 983
300000757004 1313
300000757004 1333
300000757007 773
300000757007 1073
300000757011 183
300000757011 624
300000757019 1053
300000757019 793
300000757020 1414
300000757020 383
300000757034 793
300000757034 713
300000757037 474
300000757037 524
300000757041 363
300000757041 753
300000757041 793
300000757041 473
300000757041 464
300000757041 943
300000757041 1074
300000757045 174
300000757045 183
300000757045 524
300000757047 753
300000757047 1404
300000757053 753
300000757053 24
300000757066 4
300000757066 693
300000757066 164
300000757066 54
300000757069 693
300000757069 164
300000757069 273
300000757069 4
300000757071 54
300000757071 324
300000757071 363
300000757071 664
300000757071 164
300000757071 243
300000757071 1174
300000757072 223
300000757072 4
300000757072 614
300000757072 164
300000757078 473
300000757078 1314
300000757079 704
300000757079 283
300000757085 213
300000757085 183
300000757087 1414
300000757087 383
300000757087 704
300000757088 624
300000757088 183
300000757094 624
300000757094 403
300000757101 733
300000757101 134
300000757101 524
300000757101 474
300000757101 753
300000757102 24
300000757105 474
300000757105 524
300000757106 743
300000757106 414
300000757107 24
300000757117 753
300000757117 654
300000757118 474
300000757118 524
300000757120 4
300000757120 294
300000757130 1084
300000757130 173
300000757132 693
300000757132 413
300000757132 54
300000757132 4
300000757134 693
300000757134 4
300000757134 54
300000757134 1323
300000757137 54
300000757137 243
300000757137 714
300000757137 824
300000757137 974
300000757137 1434
300000757137 794
300000757138 4
300000757138 54
300000757138 273
300000757139 164
300000757139 4
300000757139 1174
300000757139 614
300000757141 1304
300000757141 623
300000757141 1193
300000757141 173
300000757141 883
300000757141 1303
300000757141 1074
300000757145 453
300000757145 264
300000757148 164
300000757148 693
300000757148 273
300000757148 4
300000757153 624
300000757153 183
300000757156 24
300000757156 1274
300000757158 364
300000757158 803
300000757160 184
300000757160 1183
300000757161 644
300000757161 1304
300000757161 173
300000757161 874
300000757163 54
300000757163 1073
300000757163 873
300000757163 693
300000757163 1323
300000757163 4
300000757165 523
300000757165 1073
300000757169 1084
300000757169 173
300000757171 1074
300000757171 583
300000757171 503
300000757171 874
300000757172 1203
300000757172 983
300000757174 453
300000757174 714
300000757174 1333
300000757174 1313
300000757176 1404
300000757176 1074
300000757176 173
300000757178 693
300000757178 1183
300000757178 194
300000757179 183
300000757179 624
300000757181 1404
300000757181 523
300000757181 1073
300000757182 724
300000757182 1203
300000757182 503
300000757193 824
300000757193 434
300000757194 453
300000757194 283
300000757195 1404
300000757195 453
300000757196 693
300000757196 273
300000757200 704
300000757200 1404
300000757200 974
300000757200 324
300000757200 714
300000757200 173
300000757200 964
300000757212 1414
300000757212 383
300000757214 383
300000757214 183
300000757217 883
300000757217 864
300000757217 324
300000757217 1193
300000757217 1074
300000757218 1333
300000757218 1313
300000757219 1274
300000757219 184
300000757222 1323
300000757222 13
300000757222 4
300000757222 693
300000757223 693
300000757223 243
300000757223 54
300000757223 164
300000757224 243
300000757224 273
300000757224 4
300000757224 54
300000757224 614
300000757225 874
300000757225 173
300000757227 874
300000757227 173
300000757231 473
300000757231 724
300000757231 714
300000757231 1314
300000757231 1273
300000757231 974
300000757231 1203
300000757232 1283
300000757232 334
300000757232 1063
300000757232 434
300000757232 623
300000757236 273
300000757236 693
300000757236 243
300000757236 54
300000757237 503
300000757237 853
300000757238 694
300000757238 233
300000757238 853
300000757238 994
300000757238 1074
300000757238 13
300000757238 4
300000757239 523
300000757239 974
300000757253 693
300000757253 1323
300000757253 54
300000757253 164
300000757255 184
300000757255 523
300000757267 164
300000757267 1434
300000757267 54
300000757267 273
300000757267 4
300000757267 243
300000757269 703
300000757269 173
300000757269 753
300000757269 1033
300000757269 1414
300000757269 174
300000757275 874
300000757275 1304
300000757276 1333
300000757276 1313
300000757280 624
300000757280 183
300000757284 1073
300000757284 523
300000757285 1414
300000757285 383
300000757288 1414
300000757288 383
300000757295 1414
300000757295 383
300000757299 164
300000757299 693
300000757299 4
300000757299 1323
300000757301 503
300000757301 363
300000757304 974
300000757304 473
300000757304 1033
300000757304 794
300000757307 54
300000757307 164
300000757307 693
300000757308 273
300000757308 1323
300000757308 4
300000757308 54
300000757308 164
300000757308 243
300000757308 693
300000757311 523
300000757311 1073
300000757313 523
300000757313 1073
300000757314 184
300000757314 324
300000757319 883
300000757319 173
300000757321 404
300000757321 904
300000757322 164
300000757322 1323
300000757322 4
300000757322 54
300000757322 273
300000757323 1073
300000757323 853
300000757323 243
300000757323 1304
300000757323 4
300000757323 694
300000757323 363
300000757323 334
300000757323 704
300000757323 1434
300000757323 1273
300000757323 794
300000757323 54
300000757323 273
300000757323 824
300000757327 224
300000757327 24
300000757329 184
300000757329 453
300000757329 584
300000757329 623
300000757329 1303
300000757331 273
300000757331 243
300000757331 54
300000757332 54
300000757332 273
300000757332 4
300000757335 773
300000757335 714
300000757335 974
300000757335 794
300000757338 523
300000757338 1073
300000757339 523
300000757339 1073
300000757340 523
300000757340 974
300000757341 1073
300000757341 523
300000757345 473
300000757345 1074
300000757351 384
300000757351 583
300000757351 1433
300000757351 824
300000757352 294
300000757352 713
300000757352 174
300000757352 453
300000757352 903
300000757353 184
300000757353 523
300000757356 434
300000757356 1413
300000757358 694
300000757358 224
300000757358 893
300000757360 1094
300000757360 1304
300000757360 1273
300000757363 173
300000757363 43
300000757364 453
300000757364 1033
300000757364 703
300000757364 414
300000757364 874
300000757365 853
300000757365 4
300000757365 54
300000757365 273
300000757365 1434
300000757365 13
300000757365 243
300000757366 1274
300000757366 754
300000757366 363
300000757366 184
300000757366 554
300000757366 704
300000757366 1203
300000757367 184
300000757367 1033
300000757370 1094
300000757370 983
300000757371 693
300000757371 54
300000757371 164
300000757372 553
300000757372 1273
300000757372 753
300000757372 1304
300000757372 1033
300000757377 1413
300000757377 1274
300000757377 304
300000757377 583
300000757377 133
300000757377 434
300000757377 4
300000757377 1313
300000757377 853
300000757377 974
300000757377 233
300000757377 1424
300000757377 794
300000757377 1273
300000757377 404
300000757377 733
300000757377 1434
300000757377 824
300000757377 793
300000757377 754
300000757377 1073
300000757377 703
300000757380 434
300000757380 1413
300000757382 704
300000757382 473
300000757382 403
300000757382 1223
300000757382 233
300000757382 964
300000757384 294
300000757384 173
300000757384 943
300000757384 1403
300000757384 874
300000757385 1675
300000757385 1414
300000757385 383
300000757386 523
300000757386 1073
300000757389 1073
300000757389 523
300000757390 874
300000757390 173
300000757392 164
300000757392 4
300000757392 794
300000757393 714
300000757393 754
300000757393 1203
300000757393 103
300000757393 243
300000757393 794
300000757393 1304
300000757393 363
300000757393 1333
300000757393 704
300000757393 1234
300000757393 1413
300000757393 974
300000757393 994
300000757393 733
300000757393 473
300000757393 273
300000757393 1273
300000757393 164
300000757393 773
300000757393 13
300000757393 4
300000757393 54
300000757394 1273
300000757394 453
300000757394 173
300000757396 1183
300000757396 704
300000757397 324
300000757397 453
300000757397 894
300000757397 1234
300000757397 614
300000757397 1174
300000757397 664
300000757397 363
300000757400 704
300000757400 404
300000757400 324
300000757400 794
300000757400 434
300000757402 523
300000757402 1073
300000757403 1074
300000757403 1193
300000757405 1074
300000757405 233
300000757406 453
300000757406 503
300000757407 164
300000757407 54
300000757407 1323
300000757407 13
300000757410 313
300000757410 434
300000757412 994
300000757412 384
300000757412 434
300000757412 704
300000757412 233
300000757412 363
300000757412 853
300000757412 324
300000757412 404
300000757412 133
300000757414 864
300000757414 523
300000757414 184
300000757418 523
300000757418 1073
300000757420 363
300000757420 793
300000757420 994
300000757420 103
300000757420 754
300000757420 1234
300000757420 1304
300000757420 1073
300000757420 944
300000757420 233
300000757420 694
300000757420 403
300000757420 1273
300000757422 434
300000757422 364
300000757424 874
300000757424 173
300000757428 473
300000757428 1074
300000757429 523
300000757429 974
300000757430 874
300000757430 173
300000757434 244
300000757434 1203
300000757444 54
300000757444 243
300000757444 773
300000757444 164
300000757444 794
300000757444 233
300000757444 1434
300000757444 994
300000757444 4
300000757445 693
300000757445 273
300000757445 243
300000757445 54
300000757445 4
300000757575 1433
300000757575 694
300000757575 224
300000757575 584
300000757576 1323
300000757576 794
300000757576 404
300000757576 54
300000757576 13
300000757576 974
300000757576 1434
300000757576 4
300000757576 164
300000757576 714
300000757576 824
300000757576 773
300000757576 243
300000757579 523
300000757579 1073
300000757583 523
300000757583 1073
300000757585 453
300000757585 543
300000757589 523
300000757589 1073
300000757590 974
300000757590 523
300000757590 1333
300000757592 404
300000757592 434
300000757592 983
300000757592 233
300000757593 54
300000757593 273
300000757593 233
300000757593 1434
300000757593 243
300000757593 974
300000757593 4
300000757594 523
300000757594 974
300000757598 184
300000757598 523
300000757602 624
300000757602 1074
300000757602 224
300000757603 273
300000757603 243
300000757603 4
300000757606 523
300000757606 974
300000757613 24
300000757614 453
300000757614 184
300000757615 224
300000757615 194
300000757615 694
300000757615 1193
300000757616 724
300000757616 974
300000757616 704
300000757677 134
300000757677 1284
300000757680 523
300000757680 1073
300000757682 523
300000757682 1073
300000757683 864
300000757683 1404
300000757683 1193
300000757693 1414
300000757693 383
300000757712 414
300000757712 183
300000757714 403
300000757714 183
300000757722 403
300000757722 383
300000757727 414
300000757727 183
300000757730 1414
300000757730 383
300000757733 54
300000757733 273
300000757733 4
300000757740 1223
300000757740 583
300000757741 303
300000757741 93
300000757742 273
300000757742 4
300000757742 54
300000757742 164
300000757743 194
300000757748 194
300000757751 24
300000757762 824
300000757762 303
300000757765 974
300000757766 824
300000757766 303
300000757779 584
300000757779 704
300000757784 974
300000757784 414
300000757789 703
300000757789 414
300000757807 183
300000757807 624
300000757828 414
300000757828 183
300000757829 54
300000757829 273
300000757829 4
300000757832 503
300000757832 173
300000757832 364
300000757845 24
300000757859 364
300000757859 793
300000757859 194
300000757861 824
300000757861 303
300000757865 4
300000757865 13
300000757865 54
300000757865 273
300000757865 243
300000757866 824
300000757866 303
300000757871 4
300000757871 13
300000757871 54
300000757871 273
300000757871 243
300000757877 364
300000757878 664
300000757878 363
300000757878 324
300000757878 894
300000757878 614
300000757881 24
300000757881 194
300000757882 824
300000757882 303
300000757883 824
300000757883 303
300000757895 893
300000757895 1333
300000757896 704
300000757896 1434
300000757898 824
300000757898 303
300000757905 614
300000757905 1174
300000757905 1234
300000757905 324
300000757929 24
300000757932 974
300000757933 1074
300000757933 54
300000757934 284
300000757939 574
300000757939 1223
300000757942 24
300000757945 1333
300000757945 1183
300000757945 1174
300000757950 963
300000757950 173
300000757950 233
300000757950 473
300000757950 414
300000757950 884
300000757950 994
300000757950 714
300000757950 224
300000757955 824
300000757955 303
300000757957 453
300000757957 924
300000757962 824
300000757962 303
300000757971 734
300000757971 453
300000757978 403
300000757982 1033
300000757982 194
300000757987 924
300000757987 644
300000757988 824
300000757988 303
300000757990 503
300000757990 1183
300000757996 584
300000757996 793
300000758001 664
300000758001 363
300000758001 324
300000758001 894
300000758001 614
300000758003 1434
300000758003 1314
300000758006 843
300000758006 924
300000758007 164
300000758007 693
300000758007 734
300000758010 1033
300000758010 194
300000758015 924
300000758017 714
300000758017 474
300000758018 4
300000758018 13
300000758018 54
300000758018 273
300000758018 243
300000758024 4
300000758024 243
300000758024 693
300000758024 54
300000758024 13
300000758026 414
300000758026 964
300000758026 503
300000758027 4
300000758027 13
300000758027 54
300000758027 273
300000758027 243
300000758030 734
300000758030 794
300000758032 824
300000758032 303
300000758034 364
300000758034 284
300000758037 824
300000758037 303
300000758040 303
300000758040 824
300000758041 664
300000758041 363
300000758041 324
300000758041 894
300000758041 614
300000758043 173
300000758043 874
300000758046 213
300000758046 734
300000758046 1033
300000758049 1223
300000758049 263
300000758052 24
300000758058 824
300000758058 303
300000758062 734
300000758062 924
300000758068 734
300000758068 794
300000758068 994
300000758071 243
300000758071 54
300000758071 273
300000758071 693
300000758071 4
300000758071 164
300000758073 303
300000758073 1333
300000758073 964
300000758073 1033
300000758073 714
300000758073 324
300000758073 824
300000758073 474
300000758080 924
300000758080 194
300000758080 24
300000758093 503
300000758093 734
300000758094 173
300000758094 1193
300000758094 1074
300000758095 263
300000758095 734
300000758095 1033
300000758095 553
300000758099 24
300000758107 874
300000758111 974
300000758111 403
300000758116 924
300000758117 364
300000758126 1063
300000758126 503
300000758138 1434
300000758138 74
300000758138 1323
300000758138 664
300000758138 54
300000758139 24
300000758144 414
300000758147 824
300000758147 1193
300000758147 1404
300000758147 843
300000758147 303
300000758147 1303
300000758147 704
300000758166 1404
300000758166 1203
300000758167 664
300000758167 363
300000758167 324
300000758167 894
300000758167 614
300000758179 403
300000758179 624
300000758185 1333
300000758185 1074
300000758189 24
300000758202 714
300000758202 414
300000758206 824
300000758206 303
300000758210 963
300000758210 974
300000758210 524
300000758210 874
300000758210 183
300000758212 1323
300000758212 54
300000758212 1234
300000758212 324
300000758212 363
300000758216 173
300000758216 874
300000758226 714
300000758226 474
300000758227 1033
300000758227 924
300000758228 843
300000758228 303
300000758228 1094
300000758228 824
300000758228 1163
300000758237 843
300000758237 554
300000758237 794
300000758237 503
300000758238 24
300000758238 583
300000758238 754
300000758248 1403
300000758250 303
300000758250 93
300000758255 213
300000758255 364
300000758255 1203
300000758256 164
300000758256 1073
300000758256 54
300000758256 693
300000758256 4
300000758257 224
300000758257 1074
300000758261 1193
300000758261 474
300000758263 4
300000758263 13
300000758263 54
300000758263 273
300000758263 243
300000758266 233
300000758266 523
300000758268 1174
300000758268 1033
300000758268 4
300000758268 273
300000758268 54
300000758268 693
300000758269 503
300000758269 714
300000758270 1214
300000758270 983
300000758270 224
300000758270 354
300000758271 324
300000758271 894
300000758271 274
300000758271 363
300000758271 664
300000758271 614
300000758273 994
300000758278 173
300000758278 874
300000758279 24
300000758279 173
300000758281 403
300000758283 364
300000758286 924
300000758294 273
300000758294 13
300000758294 734
300000758294 4
300000758294 54
300000758294 243
300000758298 4
300000758298 13
300000758298 54
300000758298 273
300000758298 243
300000758299 994
300000758299 1314
300000758299 224
300000758303 824
300000758303 303
300000758312 474
300000758312 874
300000758317 24
300000758335 4
300000758335 13
300000758335 54
300000758335 273
300000758335 243
300000758337 704
300000758337 244
300000758338 403
300000758339 963
300000758339 263
300000758349 194
300000758362 974
300000758363 24
300000758375 824
300000758375 303
300000758381 364
300000758381 284
300000758394 403
300000758397 173
300000758397 84
300000758409 793
300000758409 364
300000758411 4
300000758411 13
300000758411 54
300000758411 273
300000758411 243
300000758415 964
300000758415 233
300000758415 1174
300000758426 924
300000758430 824
300000758430 303
300000758433 1323
300000758433 693
300000758437 414
300000758440 824
300000758440 303
300000758449 1414
300000758452 924
300000758459 224
300000758459 694
300000758462 1304
300000758462 1333
300000758464 943
300000758464 464
300000758464 363
300000758465 453
300000758465 364
300000758468 503
300000758468 514
300000758468 1183
300000758470 924
300000758476 24
300000758477 194
300000758480 1033
300000758480 734
300000758492 24
300000758493 1434
300000758493 384
300000758493 623
300000758495 364
300000758517 924
300000758522 1443
300000758522 564
300000758522 364
300000758522 914
300000758522 284
300000758541 824
300000758541 303
300000758544 714
300000758544 1073
300000758544 843
300000758544 473
300000758544 503
300000758551 414
300000758565 1183
300000758565 1033
300000758594 1033
300000758594 474
300000758597 283
300000758600 194
300000758602 1223
300000758606 54
300000758610 474
300000758610 874
300000758611 414
300000758611 1203
300000758611 1193
300000758611 1303
300000758611 1074
300000758611 1314
300000758611 473
300000758611 224
300000758615 553
300000758615 703
300000758622 4
300000758622 1323
300000758622 54
300000758626 824
300000758626 303
300000758629 54
300000758629 164
300000758629 273
300000758629 693
300000758629 1323
300000758637 514
300000758637 734
300000758651 243
300000758651 164
300000758654 24
300000758654 403
300000758657 824
300000758657 303
300000758658 1414
300000758676 304
300000758676 173
300000758676 874
300000758676 363
300000758676 704
300000758690 273
300000758690 4
300000758690 54
300000758690 164
300000758691 194
300000758700 364
300000758701 1414
300000758708 664
300000758708 363
300000758708 324
300000758708 894
300000758708 614
300000758715 414
300000758715 1193
300000758716 503
300000758716 54
300000758718 403
300000758727 194
300000758727 754
300000758729 1053
300000758729 503
300000758741 364
300000758741 1304
300000758741 1273
300000758745 303
300000758745 824
300000758745 1033
300000758754 824
300000758754 303
300000758755 694
300000758755 213
300000758755 864
300000758755 1203
300000758758 54
300000758758 243
300000758758 624
300000758758 273
300000758758 13
300000758758 514
300000758758 4
300000758760 273
300000758760 54
300000758762 303
300000758762 93
300000758762 53
300000758762 94
300000758763 303
300000758763 93
300000758764 53
300000758764 94
300000758765 364
300000758767 704
300000758767 1174
300000758767 83
300000758767 1193
300000758767 843
300000758767 1203
300000758767 503
300000758767 994
300000758768 303
300000758768 1413
300000758768 964
300000758769 994
300000758769 473
300000758771 303
300000758771 93
300000758772 303
300000758772 93
300000758785 1164
300000758785 414
300000758788 644
300000758788 13
300000758794 474
300000758794 874
300000758804 924
300000758804 273
300000758804 54
300000758804 243
300000758804 4
300000758804 13
300000758805 734
300000758805 794
300000758808 303
300000758808 93
300000758809 303
300000758809 93
300000758811 734
300000758811 1183
300000758814 303
300000758814 93
300000758815 303
300000758815 93
300000758816 53
300000758816 94
300000758821 824
300000758821 303
300000758825 53
300000758825 94
300000758826 303
300000758826 93
300000758827 53
300000758827 94
300000758828 303
300000758828 93
300000758829 303
300000758829 93
300000758830 303
300000758830 93
300000758830 53
300000758830 94
300000758831 303
300000758831 93
300000758832 303
300000758832 93
300000758833 53
300000758833 94
300000758834 303
300000758834 93
300000758835 303
300000758835 93
300000758836 303
300000758836 93
300000758837 303
300000758837 93
300000758838 303
300000758838 93
300000758839 303
300000758839 93
300000758840 303
300000758840 93
300000758841 303
300000758841 93
300000758842 303
300000758842 93
300000758843 303
300000758843 93
300000758844 53
300000758844 94
300000758845 303
300000758845 93
300000758845 53
300000758845 94
300000758846 303
300000758846 93
300000758847 303
300000758847 93
300000758847 53
300000758847 94
300000758848 303
300000758848 93
300000758849 303
300000758849 93
300000758850 53
300000758850 94
300000758851 303
300000758851 93
300000758852 303
300000758852 93
300000758853 53
300000758853 94
300000758854 303
300000758854 93
300000758855 303
300000758855 93
300000758855 53
300000758855 94
300000758856 303
300000758856 93
300000758857 53
300000758857 94
300000758858 303
300000758858 93
300000758859 303
300000758859 93
300000758860 303
300000758860 93
300000758861 303
300000758861 93
300000758862 303
300000758862 93
300000758863 303
300000758863 93
300000758864 53
300000758864 94
300000758865 303
300000758865 93
300000758865 53
300000758865 94
300000758866 303
300000758866 93
300000758867 53
300000758867 94
300000758868 303
300000758868 93
300000758869 303
300000758869 93
300000758870 303
300000758870 93
300000758871 303
300000758871 93
300000758872 303
300000758872 93
300000758873 53
300000758873 94
300000758874 303
300000758874 93
300000758881 303
300000758881 93
300000758882 303
300000758882 93
300000758883 303
300000758883 93
300000758884 303
300000758884 93
300000758885 303
300000758885 93
300000758885 53
300000758885 94
300000758886 53
300000758886 94
300000758887 53
300000758887 94
300000758888 303
300000758888 93
300000758889 303
300000758889 93
300000758890 303
300000758890 93
300000758891 303
300000758891 93
300000758892 303
300000758892 93
300000758893 303
300000758893 93
300000758893 53
300000758893 94
300000758894 303
300000758894 93
300000758895 303
300000758895 93
300000758896 303
300000758896 93
300000758897 303
300000758897 93
300000758898 303
300000758898 93
300000758899 303
300000758899 93
300000758900 303
300000758900 93
300000758900 53
300000758900 94
300000758901 303
300000758901 93
