1 1440
300000766417
300000765876
300000771941
300000776594
300000776378
300000768011
300000766729
300000764456
300000771797
300000764808
300000768138
300000767325
300000769546
300000774171
300000773986
300000770810
300000766015
300000774319
300000776221
300000769224

2 1390
300000769543
300000768376
300000769202
300000772917
300000773028
300000767382
300000769876
300000768058
300000766833
300000768625
300000764339
300000769526
300000774879
300000765150
300000766263
300000775903
300000776368
300000771689
300000769530
300000768455

3 1440
300000776268
300000764869
300000764326
300000770281
300000772118
300000774169
300000773247
300000776645
300000764982
300000766790
300000770102
300000766562
300000771470
300000772893
300000770619
300000772914
300000767896
300000766480
300000776566
300000771364

4 1708
300000772301
300000764847
300000769820
300000771015
300000771639
300000773314
300000769852
300000776528
300000769489
300000769371
300000772854
300000769216
300000771949
300000776172
300000767142
300000769161
300000770010
300000771311
300000772170
300000768750

5 1410
300000769421
300000771649
300000766953
300000769241
300000772747
300000770733
300000776492
300000776369
300000772052
300000764572
300000769344
300000776529
300000771762
300000774316
300000764743
300000766909
300000766834
300000764675
300000769906
300000775968

6 1430
300000770115
300000772409
300000769825
300000765942
300000768997
300000769982
300000766124
300000771694
300000765676
300000774298
300000766689
300000770813
300000771726
300000764585
300000771732
300000770270
300000776008
300000776062
300000776385
300000770453

7 1429
300000770039
300000768872
300000774260
300000765608
300000769815
300000774112
300000773338
300000770201
300000771368
300000774599
300000766759
300000771274
300000765143
300000765722
300000776582
300000773204
300000767120
300000766556
300000768521
300000773483

8 1420
300000769655
300000766548
300000765814
300000769943
300000769076
300000769374
300000765734
300000774302
300000776046
300000775991
300000766386
300000767161
300000767942
300000769274
300000771040
300000764787
300000772967
300000774183
300000776406
300000769645

9 2000
300000765570
300000774301
300000769468
300000771008
300000764501
300000776376
300000768115
300000767250
300000765251
300000770358
300000773188
300000771709
300000764322
300000769283
300000767362
300000774674
300000768742
300000769768
300000765550
300000776612

10 1549
300000771704
300000774279
300000771249
300000771908
300000769148
300000766005
300000767075
300000766930
300000765611
300000769671
300000774389
300000764327
300000767534
300000772293
300000776578
300000774179
300000773391
300000766615
300000776365
300000772910

11 1290
300000765755
300000773393
300000766420
300000770098
300000765576
300000776426
300000772491
300000776121
300000769007
300000771301
300000776705
300000764934
300000774415
300000776181
300000774780
300000772799
300000774387
300000771720
300000772385
300000764621

12 1430
300000776608
300000774518
300000764251
300000774248
300000771135
300000774382
300000764358
300000771779
300000771411
300000766103
300000766204
300000775986
300000770564
300000767044
300000771861
300000769116
300000769816
300000769801
300000774506
300000770980

13 1229
300000774486
300000773394
300000768975
300000768019
300000767160
300000765393
300000770082
300000770897
300000774173
300000771663
300000764420
300000776372
300000769930
300000766475
300000776586
300000769182
300000774816
300000774887
300000774388
300000770679

14 1380
300000768300
300000769802
300000768586
300000771073
300000770194
300000771794
300000764929
300000764803
300000776642
300000764881
300000776658
300000773286
300000766786
300000770752
300000771718
300000767824
300000771862
300000768060
300000775889
300000772327

15 2026
300000769510
300000770524
300000770565
300000765308
300000771479
300000767182
300000769990
300000765269
300000764265
300000773259
300000766811
300000772001
300000766222
300000773925
300000774239
300000767790
300000765485
300000770800
300000765574
300000773478

16 1300
300000769228
300000766742
300000770736
300000769822
300000764711
300000774394
300000765454
300000766608
300000776253
300000774023
300000770773
300000771867
300000773982
300000766030
300000767319
300000765294
300000771383
300000769029
300000773206
300000768135

17 1440
300000774543
300000766876
300000769373
300000776577
300000770285
300000768974
300000771828
300000768160
300000765695
300000776522
300000774175
300000768087
300000776602
300000766672
300000775196
300000774073
300000769772
300000774152
300000771533
300000772304

18 1430
300000776423
300000769729
300000764981
300000776197
300000768131
300000767473
300000775186
300000772280
300000766582
300000765592
300000767828
300000764365
300000766088
300000767158
300000771373
300000773171
300000764890
300000773915
300000765139
300000764499

19 2028
300000770155
300000766075
300000771763
300000766755
300000767695
300000769603
300000768883
300000770808
300000767977
300000773993
300000764460
300000771362
300000766804
300000764369
300000764965
300000771334
300000764483
300000776191
300000765257
300000774619

20 1410
300000766651
300000765924
300000773031
300000766017
300000770407
300000769835
300000766580
300000771700
300000771683
300000776209
300000770199
300000776194
300000769085
300000770222
300000767404
300000769458
300000774421
300000769098
300000766064
300000774250

21 1439
300000771454
300000766525
300000772136
300000772115
300000773376
300000764935
300000770613
300000774888
300000766799
300000776617
300000769219
300000769066
300000768965
300000771691
300000767502
300000775909
300000772956
300000765434
300000770618
300000772110

22 1808
300000776206
300000769975
300000770336
300000768493
300000766886
300000771182
300000769251
300000769027
300000767150
300000769918
300000769736
300000770875
300000771080
300000766535
300000774320
300000769554
300000764701
300000766586
300000771567
300000764657

23 1875
300000769469
300000771965
300000770637
300000765021
300000764943
300000774663
300000770834
300000769581
300000765965
300000764417
300000766706
300000769064
300000768158
300000767087
300000765071
300000769276
300000766418
300000768746
300000774257
300000770056

24 1671
300000770953
300000772930
300000766401
300000774068
300000774149
300000770635
300000772806
300000766208
300000767512
300000773767
300000766952
300000768536
300000764930
300000770435
300000770956
300000770114
300000768588
300000765815
300000765264
300000769544

25 1429
300000769178
300000774808
300000774297
300000768134
300000764351
300000766038
300000776634
300000773252
300000764822
300000767167
300000771332
300000767355
300000774089
300000774586
300000769392
300000769664
300000776573
300000768866
300000769986
300000772117

26 1839
300000774314
300000764452
300000772289
300000770671
300000771288
300000768907
300000774318
300000765949
300000774384
300000764600
300000766181
300000769084
300000765999
300000776225
300000768203
300000776035
300000773579
300000771758
300000769803
300000771769

27 1783
300000765599
300000773111
300000766677
300000771436
300000767042
300000774472
300000765698
300000774740
300000764562
300000775201
300000771856
300000771832
300000769517
300000770500
300000771640
300000764580
300000766369
300000768108
300000765866
300000767053

28 1440
300000772744
300000769478
300000767523
300000768928
300000767308
300000774680
300000774531
300000766182
300000769005
300000769794
300000772303
300000776590
300000769046
300000764344
300000771013
300000766458
300000775182
300000768085
300000769470
300000775176

29 1790
300000771551
300000773333
300000770127
300000774499
300000766920
300000765323
300000767951
300000774271
300000774147
300000776497
300000774990
300000770676
300000769877
300000768082
300000772190
300000770538
300000765614
300000774746
300000771198
300000766408

30 1410
300000768237
300000765461
300000771211
300000765285
300000767912
300000764700
300000773117
300000768241
300000765394
300000774235
300000766200
300000774048
300000769769
300000765627
300000776579
300000767560
300000766870
300000766981
300000771913
300000774712

31 1410
300000776433
300000776025
300000770646
300000776205
300000766235
300000767172
300000764990
300000768745
300000769263
300000776488
300000769155
300000776583
300000767219
300000766156
300000766617
300000766735
300000772386
300000764645
300000764402
300000770237

32 1430
300000766140
300000768980
300000773389
300000771983
300000764367
300000771401
300000775192
300000769920
300000765180
300000769026
300000767003
300000770532
300000771790
300000770683
300000776654
300000767165
300000767332
300000769398
300000769689
300000774664

33 1430
300000773294
300000766932
300000776425
300000770091
300000776005
300000774649
300000770255
300000765712
300000770801
300000774295
300000767306
300000765740
300000770253
300000773481
300000774401
300000764606
300000767923
300000766007
300000774381
300000765573

34 1430
300000769056
300000775901
300000766354
300000773347
300000774155
300000774119
300000771939
300000766794
300000774242
300000770314
300000772738
300000767615
300000771471
300000764941
300000769783
300000769394
300000773349
300000770477
300000771469
300000774390

35 1429
300000769885
300000772996
300000776282
300000774251
300000774064
300000764406
300000771889
300000768531
300000770811
300000776006
300000776348
300000772203
300000768183
300000766906
300000770661
300000772856
300000769755
300000768934
300000769688
300000768165

36 1371
300000766055
300000767609
300000766919
300000766719
300000769806
300000764396
300000767282
300000765887
300000771708
300000765452
300000764337
300000771641
300000767080
300000764321
300000776195
300000764544
300000774253
300000769309
300000767081
300000766212

37 1430
300000772851
300000769287
300000768234
300000769909
300000773484
300000771331
300000766741
300000769414
300000772065
300000766003
300000766079
300000765777
300000774995
300000771982
300000768832
300000771735
300000774713
300000765874
300000766825
300000774607

38 1430
300000776318
300000767641
300000770484
300000767031
300000769284
300000769143
300000764630
300000764809
300000770332
300000776443
300000771269
300000765835
300000765173
300000774538
300000764615
300000765733
300000772650
300000765721
300000764449
300000764652

39 1440
300000771228
300000766305
300000768529
300000770805
300000774217
300000765720
300000767018
300000773373
300000771956
300000774317
300000766100
300000774383
300000767169
300000768849
300000765950
300000773348
300000768142
300000774118
300000764986
300000774483

40 1420
300000773336
300000767364
300000770983
300000775899
300000771951
300000769884
300000769035
300000774258
300000772647
300000772487
300000771005
300000769831
300000770265
300000768362
300000770347
300000772746
300000766671
300000764496
300000765557
300000766407

41 1360
300000766874
300000767224
300000765322
300000768992
300000766255
300000774259
300000769616
300000765136
300000772737
300000770899
300000773854
300000770988
300000769049
300000776430
300000774497
300000768967
300000765090
300000774220
300000766173
300000776299

42 1783
300000776540
300000774168
300000774130
300000766968
300000767748
300000772200
300000771925
300000765899
300000767244
300000776695
300000771638
300000771799
300000774516
300000769590
300000776237
300000770469
300000767311
300000776313
300000767556
300000774406

43 1379
300000769558
300000771392
300000773052
300000769931
300000766155
300000764775
300000776643
300000774292
300000771764
300000765919
300000776699
300000769364
300000764563
300000765532
300000775191
300000771058
300000776696
300000767411
300000776057
300000768587

44 1556
300000769989
300000766086
300000767740
300000770839
300000769052
300000770334
300000772812
300000767253
300000771149
300000764566
300000766884
300000766774
300000764746
300000766609
300000776604
300000776341
300000766363
300000776134
300000771370
300000769163

45 1410
300000773431
300000769680
300000770615
300000774154
300000769572
300000764529
300000769239
300000764713
300000765028
300000765666
300000765385
300000772902
300000766757
300000768466
300000772196
300000774116
300000766826
300000766000
300000771534
300000771544

46 1556
300000770759
300000771104
300000766366
300000769255
300000774299
300000770400
300000766050
300000769154
300000767533
300000768535
300000768069
300000765897
300000765824
300000769124
300000766078
300000770535
300000765512
300000776670
300000769757
300000767915

47 1430
300000776519
300000774114
300000766008
300000772953
300000771400
300000770587
300000774055
300000767305
300000764256
300000770581
300000769854
300000765953
300000774088
300000768221
300000768879
300000767159
300000774290
300000765968
300000770089
300000770302

48 1430
300000771991
300000768626
300000773432
300000776545
300000774643
300000776266
300000774185
300000774578
300000770986
300000771483
300000771627
300000768822
300000764964
300000765746
300000765397
300000764568
300000774395
300000774219
300000772642
300000770664

49 1430
300000769472
300000770608
300000771733
300000764702
300000770282
300000771911
300000764410
300000766747
300000768453
300000774624
300000765380
300000772999
300000776154
300000769741
300000769311
300000765328
300000765006
300000769807
300000774312
300000774170

50 1400
300000770329
300000768949
300000767487
300000766002
300000768893
300000771419
300000771943
300000764523
300000768881
300000769812
300000764805
300000765601
300000770700
300000774609
300000773374
300000764311
300000767220
300000774768
300000770917
300000767612

51 1430
300000764426
300000774676
300000774013
300000770984
300000767438
300000765930
300000764797
300000774660
300000771405
300000768982
300000774512
300000773409
300000774172
300000776527
300000768757
300000769195
300000768302
300000769461
300000766718
300000764465

52 1430
300000776374
300000774378
300000766760
300000776606
300000769987
300000774237
300000766872
300000769665
300000769205
300000776523
300000776644
300000769760
300000772950
300000774022
300000769833
300000774021
300000771824
300000770009
300000771417
300000769985

53 1389
300000772159
300000769799
300000774504
300000765837
300000772261
300000769296
300000764272
300000770412
300000766179
300000774986
300000765423
300000765572
300000770349
300000768995
300000774262
300000764967
300000766605
300000770094
300000765659
300000769860

54 1671
300000770286
300000776409
300000767491
300000769649
300000769168
300000768910
300000766635
300000774268
300000769179
300000769297
300000764392
300000769204
300000765931
300000774997
300000772808
300000776622
300000772127
300000769279
300000769582
300000767283

55 1389
300000774332
300000769779
300000771490
300000765351
300000765134
300000774781
300000766027
300000769466
300000767254
300000768171
300000765594
300000765973
300000769870
300000766579
300000776576
300000766026
300000769215
300000769701
300000768375
300000772925

56 1329
300000766606
300000769678
300000765711
300000776416
300000770391
300000774640
300000771209
300000766260
300000765091
300000764517
300000769707
300000765156
300000771780
300000774574
300000767578
300000776491
300000774602
300000771890
300000776053
300000764604

57 1430
300000765554
300000771831
300000765205
300000776592
300000768257
300000767322
300000767870
300000774584
300000772946
300000771536
300000765960
300000771257
300000769295
300000768945
300000772053
300000764877
300000764636
300000766753
300000771875
300000768522

58 1556
300000771717
300000774398
300000765158
300000765632
300000772968
300000764828
300000768456
300000765433
300000774627
300000770310
300000764731
300000774514
300000764717
300000769711
300000771968
300000776575
300000767914
300000768532
300000772156
300000770900

59 1556
300000772051
300000776401
300000765036
300000769878
300000773085
300000776387
300000769677
300000776189
300000776126
300000764644
300000770996
300000767066
300000765658
300000776547
300000769372
300000776627
300000768170
300000770280
300000776236
300000764889

60 2028
300000774496
300000769477
300000774422
300000769643
300000768951
300000771626
300000768425
300000770840
300000765304
300000771562
300000771707
300000767013
300000764687
300000765104
300000771538
300000764587
300000766449
300000773874
300000770297
300000772384

61 1440
300000765565
300000774207
300000770786
300000774611
300000767834
300000765776
300000776171
300000764723
300000774283
300000769917
300000768998
300000772306
300000765646
300000767029
300000768898
300000769395
300000765563
300000769123
300000766482
300000772630

62 1401
300000774038
300000764902
300000769230
300000767149
300000767547
300000767139
300000769696
300000766121
300000769570
300000769858
300000765906
300000769290
300000769070
300000765873
300000764628
300000766355
300000766445
300000771660
300000771813
300000776183

63 1829
300000771385
300000767737
300000776193
300000769150
300000770915
300000771052
300000764348
300000775975
300000771761
300000773292
300000769254
300000773251
300000774032
300000776610
300000776097
300000766006
300000767085
300000769681
300000772133
300000772892

64 1420
300000764830
300000767113
300000774037
300000769169
300000765063
300000772213
300000768159
300000776489
300000770697
300000772772
300000772209
300000766542
300000769684
300000774095
300000774371
300000769231
300000768846
300000774461
300000770583
300000774267

65 1783
300000772230
300000764674
300000770802
300000769328
300000768783
300000769939
300000770796
300000765552
300000774647
300000767328
300000768149
300000770692
300000764470
300000769343
300000776324
300000766505
300000769288
300000768981
300000772499
300000765624

66 1410
300000765670
300000774800
300000768173
300000766541
300000769743
300000770720
300000764678
300000768002
300000770816
300000764399
300000769456
300000765303
300000768303
300000770864
300000773856
300000769536
300000770838
300000774786
300000766546
300000776332

67 1080
300000769044
300000774650
300000768520
300000770806
300000764263
300000770494
300000769583
300000765813
300000767897
300000767168
300000766284
300000771729
300000764765
300000774456
300000766252
300000765853
300000769181
300000767284
300000765660
300000774679

68 1290
300000774206
300000766700
300000772330
300000776701
300000771088
300000769922
300000765952
300000769223
300000774391
300000776140
300000768989
300000766703
300000766322
300000776709
300000766654
300000766097
300000771765
300000769567
300000776217
300000771462

69 1662
300000771289
300000769538
300000767549
300000770873
300000776616
300000764556
300000774177
300000772810
300000765682
300000774798
300000767611
300000767128
300000767221
300000768953
300000769001
300000766499
300000765329
300000776664
300000770032
300000771858

70 1449
300000768222
300000764714
300000774700
300000767307
300000771814
300000767499
300000764995
300000770789
300000773279
300000776258
300000775958
300000766699
300000771386
300000764262
300000772714
300000770975
300000771086
300000766077
300000774166
300000773580

71 1671
300000774581
300000769403
300000774564
300000764264
300000769520
300000764528
300000764413
300000767357
300000766403
300000774117
300000764332
300000772811
300000774683
300000773337
300000771574
300000766331
300000774039
300000771378
300000768218
300000766957

72 1556
300000765877
300000766519
300000766758
300000776233
300000769705
300000766688
300000765779
300000770696
300000774164
300000769675
300000771472
300000766591
300000770394
300000771630
300000770189
300000771053
300000771484
300000776182
300000773392
300000770447

73 2028
300000776395
300000769058
300000764829
300000774313
300000774204
300000768858
300000771713
300000768589
300000768378
300000770077
300000773958
300000771687
300000768086
300000771007
300000771423
300000769566
300000771403
300000771224
300000766371
300000774263

74 1430
300000768537
300000765078
300000771570
300000768985
300000768070
300000766226
300000771179
300000769238
300000764273
300000769449
300000776514
300000772225
300000769969
300000764485
300000772079
300000769589
300000768891
300000776657
300000776174
300000773390

75 1440
300000765696
300000771393
300000766929
300000766443
300000765074
300000768231
300000776087
300000772388
300000772852
300000771631
300000771225
300000771328
300000771148
300000768579
300000772485
300000770090
300000766585
300000766450
300000773261
300000764999

76 1574
300000768440
300000771253
300000766685
300000767406
300000776184
300000766798
300000770260
300000771810
300000767978
300000773339
300000776589
300000765914
300000773005
300000769079
300000768897
300000775979
300000768179
300000766958
300000766438
300000774725

77 1329
300000764535
300000776683
300000773125
300000769937
300000776270
300000774355
300000773970
300000769787
300000772259
300000773404
300000770946
300000764741
300000774579
300000770595
300000776660
300000774140
300000772025
300000773934
300000764777
300000771633

78 1838
300000774485
300000767368
300000768098
300000769746
300000770031
300000770086
300000769791
300000772061
300000768140
300000774307
300000768966
300000770517
300000769610
300000770893
300000768321
300000771869
300000770083
300000768823
300000772144
300000776251

79 1429
300000769912
300000768929
300000776239
300000772807
300000769119
300000774209
300000773325
300000766381
300000770643
300000771881
300000776196
300000769976
300000772062
300000764710
300000767610
300000770824
300000774148
300000765553
300000764722
300000776122

80 1430
300000770177
300000767170
300000769250
300000774762
300000774396
300000776504
300000771508
300000766974
300000764319
300000771489
300000767965
300000765855
300000767223
300000772030
300000771513
300000774517
300000770734
300000767006
300000771959
300000772802

81 1556
300000766289
300000771634
300000775190
300000773121
300000776702
300000768510
300000771487
300000768371
300000772890
300000766304
300000769509
300000765185
300000767849
300000764771
300000776364
300000770751
300000764781
300000771738
300000774241
300000771786

82 1430
300000764989
300000768033
300000771855
300000773004
300000769141
300000774291
300000766337
300000774266
300000770606
300000774460
300000765506
300000774134
300000772387
300000770937
300000776203
300000766406
300000766359
300000767237
300000772075
300000773430

83 1430
300000769595
300000766622
300000764846
300000771808
300000769717
300000772929
300000764608
300000771836
300000773919
300000776700
300000771433
300000765392
300000773262
300000773383
300000767613
300000764443
300000772488
300000771963
300000764318
300000764856

84 1430
300000764542
300000776220
300000766969
300000771958
300000764918
300000765536
300000769508
300000776603
300000764603
300000769128
300000773312
300000765977
300000776693
300000765224
300000773027
300000776124
300000774804
300000776422
300000769518
300000765581

85 1440
300000769299
300000774020
300000768258
300000767971
300000776585
300000766955
300000769522
300000769294
300000774246
300000767465
300000766219
300000774875
300000768211
300000772484
300000766189
300000774397
300000768316
300000766711
300000768559
300000773032

86 1875
300000769813
300000766110
300000767177
300000770392
300000768845
300000768752
300000773014
300000776597
300000769910
300000765827
300000767314
300000765223
300000772078
300000770328
300000766823
300000767005
300000771543
300000770920
300000766634
300000770301

87 1430
300000765436
300000766905
300000774379
300000768585
300000774628
300000765730
300000768212
300000772649
300000765923
300000771897
300000770042
300000776669
300000769650
300000768952
300000770578
300000764526
300000772962
300000764880
300000772389
300000771351

88 1783
300000764573
300000771921
300000768360
300000769636
300000764407
300000769652
300000769555
300000770898
300000764994
300000767425
300000776501
300000776626
300000765379
300000770642
300000774156
300000766878
300000770445
300000767235
300000767614
300000774577

89 2009
300000770426
300000767580
300000766370
300000768941
300000774736
300000771667
300000774533
300000774621
300000764769
300000771791
300000774428
300000771554
300000769925
300000776546
300000771722
300000767398
300000769752
300000776115
300000764637
300000767998

90 1430
300000774300
300000766536
300000771636
300000771723
300000767046
300000769774
300000764261
300000768353
300000766915
300000768619
300000769738
300000773980
300000773089
300000770190
300000770560
300000771398
300000769524
300000769880
300000764633
300000764709

91 1430
300000767020
300000771880
300000766555
300000764996
300000764883
300000769462
300000767833
300000774240
300000775928
300000764724
300000765164
300000771624
300000766754
300000769289
300000771835
300000764912
300000769429
300000773100
300000764997
300000768768

92 1430
300000769232
300000774826
300000766089
300000768701
300000764316
300000764753
300000775998
300000771625
300000765174
300000776061
300000768762
300000771540
300000774236
300000767396
300000767768
300000773403
300000769579
300000771637
300000766402
300000769075

93 1411
300000768699
300000767204
300000769824
300000771572
300000768999
300000773095
300000776267
300000766784
300000767083
300000765566
300000771695
300000776100
300000764338
300000765933
300000775939
300000773482
300000769672
300000775189
300000774715
300000771542

94 1400
300000771673
300000769322
300000767940
300000770962
300000766292
300000774362
300000771060
300000776400
300000765183
300000765774
300000768848
300000765790
300000769577
300000767423
300000776609
300000767427
300000768913
300000765289
300000773295
300000774186

95 1440
300000771541
300000766781
300000768292
300000768939
300000770731
300000769978
300000765414
300000768260
300000771793
300000770837
300000776118
300000764691
300000764453
300000766291
300000764352
300000776131
300000776490
300000767772
300000765543
300000765784

96 1400
300000769686
300000774222
300000769994
300000774669
300000764408
300000771173
300000765281
300000766858
300000775944
300000764726
300000769187
300000766409
300000771101
300000769612
300000774449
300000765623
300000770101
300000766104
300000770885
300000764750

97 1410
300000765141
300000772242
300000768899
300000766343
300000770455
300000768869
300000764586
300000775976
300000769790
300000767579
300000768889
300000771642
300000766092
300000764909
300000769666
300000776629
300000770785
300000776415
300000766231
300000772004

98 1558
300000765464
300000776507
300000767992
300000767826
300000765521
300000765932
300000772628
300000764366
300000764340
300000764414
300000772123
300000773918
300000774249
300000769916
300000764498
300000769377
300000768145
300000765946
300000764569
300000768914

99 1556
300000770725
300000764476
300000764810
300000767245
300000766992
300000774376
300000776092
300000770798
300000771166
300000765212
300000766045
300000769467
300000774604
300000765957
300000766518
300000772016
300000765033
300000769606
300000776366
300000772871

100 1556
300000768880
300000772669
300000771481
300000775918
300000772214
300000771532
300000769511
300000776494
300000767848
300000767249
300000767993
300000774815
300000765125
300000767011
300000774494
300000770825
300000769351
300000764708
300000774335
300000768884

