1 1430
300000754286
300000753596
300000758263
300000752572
300000752004
300000755684
300000754601
300000755661
300000750667
300000754641
300000754216
300000757593
300000754627
300000751566
300000757939
300000753238
300000757158
300000753625
300000758828
300000752841

2 1069
300000753369
300000752625
300000752502
300000755597
300000756808
300000750848
300000757929
300000754129
300000753647
300000752555
300000758896
300000758544
300000754566
300000758397
300000755553
300000758874
300000758809
300000758266
300000758830
300000753057

3 1360
300000757071
300000752652
300000758007
300000756800
300000755319
300000754295
300000755644
300000758465
300000757400
300000755441
300000751368
300000752699
300000757420
300000754654
300000755508
300000753718
300000752445
300000756822
300000752356
300000751377

4 1399
300000752532
300000751546
300000755403
300000756857
300000753684
300000752193
300000755330
300000756480
300000752113
300000757389
300000757367
300000757871
300000757403
300000754554
300000755601
300000755449
300000758317
300000755397
300000753285
300000754573

5 1420
300000755317
300000757172
300000753255
300000753568
300000757003
300000758894
300000752208
300000757019
300000758095
300000750790
300000750654
300000753064
300000757743
300000752287
300000751789
300000755538
300000756417
300000755680
300000753764
300000752473

6 1410
300000754645
300000755690
300000758337
300000758871
300000751859
300000753955
300000755511
300000750784
300000752277
300000754680
300000751847
300000753962
300000755654
300000755347
300000751349
300000758166
300000751610
300000754588
300000755618
300000750996

7 1390
300000754380
300000752546
300000756825
300000754829
300000755298
300000751223
300000755637
300000755333
300000751018
300000753233
300000754424
300000753096
300000758892
300000756627
300000754955
300000751227
300000758452
300000753025
300000757255
300000758430

8 1360
300000751338
300000751696
300000755669
300000757898
300000752124
300000757329
300000755043
300000755583
300000754608
300000755471
300000755232
300000758517
300000751495
300000752827
300000756449
300000758257
300000751685
300000752383
300000755596
300000755533

9 1430
300000755332
300000757990
300000758144
300000756283
300000752514
300000758842
300000755328
300000751347
300000753246
300000753405
300000758816
300000750869
300000754341
300000751822
300000752653
300000755564
300000753691
300000757323
300000754034
300000754959

10 1409
300000753649
300000757088
300000757602
300000756470
300000751205
300000756578
300000755896
300000758844
300000754232
300000755577
300000758854
300000755634
300000754663
300000756406
300000755432
300000758046
300000752184
300000758615
300000752655
300000755053

11 1410
300000755526
300000754564
300000757319
300000755183
300000752401
300000752132
300000757393
300000751065
300000755353
300000752234
300000754128
300000756902
300000758899
300000753156
300000754289
300000755184
300000755348
300000755039
300000755550
300000757301

12 1671
300000758831
300000757335
300000752951
300000752020
300000755687
300000754996
300000755514
300000756739
300000758763
300000755512
300000751126
300000755374
300000756420
300000755650
300000754549
300000753995
300000750663
300000755606
300000752182
300000755476

13 1430
300000750649
300000754581
300000754170
300000756486
300000755401
300000752202
300000756748
300000758375
300000755361
300000753910
300000757161
300000756985
300000756456
300000755380
300000755324
300000753208
300000756816
300000753323
300000756839
300000757370

14 1430
300000752156
300000757932
300000752345
300000757380
300000754528
300000752219
300000755558
300000757444
300000754260
300000758248
300000758551
300000758256
300000758415
300000753080
300000750917
300000757351
300000750670
300000751373
300000752634
300000756129

15 1399
300000758765
300000755335
300000757101
300000757069
300000751615
300000751004
300000758126
300000754622
300000756388
300000755548
300000757585
300000753418
300000753091
300000757394
300000750720
300000754648
300000757384
300000755436
300000750792
300000751699

16 1430
300000750717
300000755346
300000755997
300000755659
300000752392
300000756052
300000753598
300000756962
300000752266
300000753301
300000752301
300000754265
300000755366
300000752606
300000755250
300000755188
300000757829
300000755589
300000751844
300000757882

17 1400
300000753222
300000751162
300000755528
300000753719
300000752175
300000755230
300000758335
300000755373
300000753621
300000751274
300000758771
300000755417
300000757222
300000752952
300000756989
300000753720
300000755643
300000750698
300000751240
300000755975

18 1783
300000756095
300000755617
300000751748
300000755530
300000755439
300000755244
300000752406
300000753746
300000758255
300000757138
300000751582
300000758027
300000758273
300000757041
300000757410
300000755398
300000754127
300000755593
300000754932
300000751326

19 1341
300000750650
300000755609
300000756083
300000754644
300000756827
300000754236
300000750709
300000757295
300000755516
300000751322
300000754155
300000756649
300000755523
300000755098
300000754387
300000754842
300000755660
300000753786
300000757579
300000754199

20 1430
300000755682
300000757178
300000752407
300000756034
300000757253
300000755352
300000755993
300000751013
300000755452
300000757224
300000756729
300000755454
300000757896
300000754002
300000752423
300000757269
300000750746
300000753325
300000755604
300000752477

21 1987
300000755252
300000758867
300000757955
300000757079
300000752128
300000755960
300000755472
300000754674
300000756923
300000756696
300000757047
300000755148
300000751958
300000754321
300000758167
300000750788
300000756838
300000751401
300000751000
300000758210

22 1430
300000758840
300000757087
300000758138
300000750737
300000753967
300000754491
300000752845
300000756829
300000756850
300000755480
300000753462
300000758814
300000757139
300000753225
300000758179
300000758052
300000755320
300000750984
300000753666
300000756761

23 1410
300000756698
300000756277
300000755493
300000758597
300000758885
300000751620
300000758600
300000754055
300000755400
300000758637
300000755501
300000758026
300000756482
300000755430
300000752274
300000755645
300000758856
300000757945
300000751134
300000754245

24 1319
300000758018
300000757085
300000753771
300000755070
300000756895
300000752421
300000752503
300000756919
300000758808
300000758893
300000750629
300000755652
300000755418
300000754587
300000755119
300000754037
300000754656
300000752185
300000755018
300000754621

25 1280
300000754285
300000756126
300000754152
300000752067
300000758826
300000751690
300000756121
300000756411
300000758741
300000755955
300000751313
300000758860
300000754609
300000756116
300000758691
300000758895
300000754651
300000755633
300000750969
300000758891

26 1430
300000752167
300000757322
300000753459
300000753133
300000758237
300000751451
300000754606
300000752615
300000752099
300000753424
300000754976
300000755411
300000752629
300000752768
300000753087
300000757364
300000757740
300000750674
300000754628
300000750745

27 1311
300000756127
300000755477
300000751536
300000753327
300000757424
300000757727
300000753471
300000758676
300000753825
300000751504
300000754396
300000751584
300000753071
300000755576
300000750756
300000756305
300000757878
300000755499
300000755192
300000755568

28 1400
300000754320
300000756117
300000751864
300000758281
300000758898
300000751616
300000755394
300000751336
300000757807
300000757196
300000753359
300000755195
300000753620
300000753787
300000752115
300000753330
300000753643
300000755456
300000754579
300000755458

29 1420
300000750966
300000752880
300000757722
300000755686
300000757148
300000757327
300000752174
300000758769
300000757117
300000755129
300000755594
300000755775
300000754246
300000755265
300000757078
300000758851
300000755461
300000755423
300000754430
300000755940

30 1440
300000758339
300000754633
300000755406
300000754203
300000756378
300000757845
300000754384
300000755475
300000754626
300000754264
300000753271
300000751942
300000754510
300000755413
300000755422
300000755278
300000754360
300000757107
300000755685
300000757392

31 1439
300000752022
300000756422
300000755562
300000757883
300000751171
300000752092
300000758468
300000754582
300000755106
300000754319
300000758043
300000755446
300000757285
300000758522
300000757214
300000754946
300000753938
300000754325
300000753439
300000753904

32 1400
300000755506
300000758080
300000755678
300000752658
300000754706
300000758865
300000753871
300000752843
300000758206
300000753338
300000754140
300000755677
300000754100
300000752216
300000757942
300000752968
300000758298
300000756549
300000751871
300000752211

33 1410
300000758843
300000753412
300000751210
300000751420
300000755292
300000754262
300000752577
300000756851
300000756392
300000755543
300000755341
300000758872
300000755409
300000754643
300000757134
300000755372
300000754358
300000757895
300000752520
300000751994

34 1400
300000754607
300000754805
300000755885
300000753095
300000754822
300000757181
300000755064
300000756483
300000751097
300000751052
300000752773
300000753310
300000757231
300000752217
300000758884
300000756880
300000755097
300000757971
300000756968
300000757748

35 1400
300000755359
300000757105
300000753416
300000753490
300000755638
300000753278
300000752197
300000751190
300000752942
300000754703
300000755595
300000753872
300000754475
300000758139
300000751821
300000751340
300000756980
300000752070
300000758611
300000750710

36 1430
300000753488
300000757004
300000755474
300000751825
300000754677
300000752336
300000751283
300000751906
300000754668
300000752007
300000755554
300000756715
300000755649
300000757020
300000751422
300000756683
300000758897
300000751991
300000757680
300000752427

37 1380
300000758863
300000757275
300000751894
300000755340
300000753449
300000755451
300000755974
300000757360
300000755605
300000755681
300000755640
300000753051
300000753891
300000757434
300000757614
300000751396
300000756584
300000758846
300000755488
300000751182

38 1838
300000754439
300000757615
300000752469
300000758041
300000757223
300000751904
300000752604
300000758873
300000755349
300000752516
300000755327
300000750647
300000755792
300000755323
300000756830
300000757299
300000754362
300000756870
300000751228
300000750736

39 1430
300000756400
300000755616
300000751693
300000757575
300000753157
300000751260
300000751466
300000751091
300000756875
300000755500
300000754637
300000758727
300000756574
300000752780
300000757412
300000758658
300000752098
300000752472
300000758062
300000751133

40 1916
300000758093
300000757996
300000752433
300000757358
300000752271
300000752542
300000752190
300000758381
300000750642
300000754811
300000751034
300000755529
300000758859
300000755356
300000752062
300000755926
300000753822
300000755587
300000753212
300000756624

41 1390
300000751922
300000758058
300000756056
300000755478
300000752171
300000751928
300000756891
300000757363
300000754924
300000754969
300000751809
300000753782
300000752014
300000757613
300000757429
300000751897
300000751848
300000750741
300000755490
300000755440

42 1410
300000755971
300000756820
300000755489
300000752041
300000755630
300000755008
300000756619
300000753781
300000755125
300000755112
300000756721
300000754897
300000753615
300000756709
300000758900
300000750648
300000753308
300000752492
300000750723
300000758889

43 1319
300000757828
300000754649
300000751574
300000754687
300000755495
300000755623
300000753989
300000757238
300000751938
300000758040
300000755800
300000758881
300000755193
300000755408
300000755648
300000758715
300000754029
300000751057
300000751201
300000752692

44 1838
300000754647
300000753800
300000755344
300000756435
300000753316
300000758037
300000755048
300000758212
300000758006
300000753921
300000757402
300000751647
300000752159
300000754427
300000752405
300000751021
300000752082
300000754694
300000756506
300000758657

45 1270
300000755187
300000755573
300000753059
300000757933
300000756373
300000754793
300000756282
300000754685
300000753509
300000755502
300000758492
300000755670
300000755357
300000752543
300000755981
300000752210
300000757219
300000753743
300000751863
300000757583

46 1420
300000755486
300000755481
300000757934
300000751899
300000756609
300000751727
300000754075
300000758437
300000753357
300000751923
300000754634
300000755704
300000757225
300000756814
300000753865
300000753171
300000756395
300000757145
300000753237
300000755445

47 1410
300000753337
300000752278
300000754154
300000751327
300000757066
300000755563
300000750808
300000755431
300000752027
300000758821
300000755455
300000754101
300000758094
300000753414
300000753244
300000754397
300000755367
300000758882
300000753508
300000757592

48 1400
300000757957
300000758303
300000751988
300000752093
300000755463
300000758338
300000752574
300000755433
300000754234
300000758010
300000753561
300000755109
300000755334
300000752221
300000758107
300000757321
300000758862
300000753641
300000753052
300000756662

49 1429
300000755437
300000755473
300000754689
300000754309
300000758261
300000758811
300000753218
300000757407
300000756043
300000757288
300000751944
300000752106
300000752759
300000750626
300000755318
300000755393
300000753375
300000755622
300000751860
300000752393

50 1410
300000755675
300000756005
300000751617
300000754675
300000752100
300000751830
300000755646
300000756303
300000758073
300000752224
300000754328
300000752149
300000754611
300000756573
300000754570
300000758268
300000755607
300000755462
300000755503
300000758794

51 1410
300000755414
300000751317
300000757741
300000751676
300000753169
300000753689
300000758286
300000756013
300000751334
300000754486
300000757390
300000754989
300000755434
300000753658
300000754775
300000755326
300000758299
300000756433
300000752385
300000755360

52 1430
300000752145
300000752214
300000752482
300000755419
300000752844
300000757386
300000755628
300000757859
300000753086
300000755895
300000753356
300000758838
300000751935
300000756029
300000757406
300000755535
300000751560
300000757276
300000758111
300000751722

53 1400
300000754394
300000750641
300000754832
300000752551
300000754332
300000758459
300000751191
300000755540
300000758411
300000756088
300000751522
300000753083
300000753249
300000755314
300000754552
300000755492
300000753272
300000755457
300000753049
300000757594

54 1430
300000753696
300000758024
300000752161
300000755469
300000758788
300000756479
300000756994
300000752281
300000755482
300000758654
300000758003
300000756595
300000755338
300000752105
300000752881
300000755415
300000758017
300000752591
300000755483
300000758480

55 1400
300000755464
300000752054
300000753852
300000755581
300000756879
300000755412
300000755371
300000750787
300000755289
300000757227
300000752338
300000756039
300000755537
300000758887
300000752270
300000750989
300000758861
300000757905
300000756684
300000753163

56 1875
300000755683
300000753343
300000755460
300000758836
300000756679
300000750718
300000752312
300000754690
300000753837
300000758847
300000753474
300000753494
300000753630
300000755242
300000753874
300000755062
300000758470
300000758433
300000756929
300000751824

57 1410
300000755080
300000754574
300000758071
300000758834
300000755231
300000755424
300000755872
300000757194
300000754642
300000756037
300000753811
300000752489
300000754428
300000755259
300000755567
300000758216
300000758283
300000756939
300000758870
300000754098

58 1897
300000755572
300000757195
300000754076
300000751637
300000758271
300000750965
300000758279
300000755556
300000754686
300000757160
300000757331
300000755484
300000755395
300000754933
300000754357
300000756434
300000752579
300000756570
300000757766
300000753135

59 1429
300000754903
300000755336
300000753487
300000754081
300000752697
300000755578
300000752055
300000755679
300000755611
300000754827
300000754235
300000754113
300000758690
300000752103
300000751226
300000756618
300000754353
300000758030
300000751196
300000756089

60 1783
300000752026
300000756835
300000755546
300000751354
300000758594
300000758815
300000755498
300000756515
300000754367
300000751688
300000757712
300000756946
300000750729
300000750762
300000755615
300000756508
300000751926
300000751612
300000751143
300000756490

61 1390
300000757405
300000755202
300000755632
300000756801
300000755107
300000756481
300000753597
300000752863
300000756856
300000755376
300000752972
300000755339
300000755613
300000754658
300000757174
300000754547
300000755571
300000753024
300000752227
300000754652

62 1390
300000755518
300000758729
300000754365
300000758238
300000754831
300000754505
300000755967
300000751254
300000756313
300000752994
300000754355
300000757176
300000758835
300000755399
300000751397
300000758849
300000751773
300000756637
300000758805
300000758700

63 1360
300000754667
300000758760
300000755470
300000756836
300000755313
300000750739
300000755329
300000757590
300000755425
300000754252
300000751827
300000758866
300000754366
300000752237
300000752370
300000755465
300000757218
300000753570
300000757037
300000757589

64 1671
300000757832
300000757353
300000755467
300000758565
300000755798
300000755621
300000754030
300000757338
300000757182
300000757179
300000755428
300000755899
300000755778
300000755796
300000751246
300000755260
300000752811
300000751828
300000756488
300000755525

65 1391
300000754551
300000756697
300000751997
300000754557
300000758476
300000758626
300000751823
300000755624
300000755584
300000754242
300000753105
300000755189
300000755459
300000752884
300000756706
300000754691
300000754359
300000755935
300000757988
300000755559

66 1430
300000754565
300000756062
300000757962
300000755653
300000755676
300000751110
300000755600
300000754561
300000752372
300000756977
300000751023
300000752169
300000752941
300000757366
300000754583
300000757765
300000752415
300000751642
300000756943
300000755626

67 1210
300000755579
300000757733
300000754301
300000754535
300000754937
300000753851
300000751796
300000753963
300000755363
300000752116
300000758708
300000753054
300000754881
300000758270
300000757307
300000755894
300000754779
300000753873
300000757779
300000755288

68 1410
300000755627
300000752978
300000757045
300000755117
300000757132
300000755692
300000755364
300000752491
300000754916
300000753626
300000755635
300000752168
300000753437
300000758362
300000754399
300000757422
300000755312
300000755610
300000751902
300000753223

69 1319
300000752188
300000758001
300000757606
300000753481
300000751220
300000757418
300000755614
300000752609
300000751251
300000752165
300000752036
300000750722
300000756976
300000753440
300000751488
300000754659
300000755513
300000752918
300000755536
300000754061

70 1449
300000756848
300000752158
300000752192
300000755505
300000753907
300000753472
300000750783
300000758804
300000755337
300000757137
300000755542
300000753345
300000750948
300000755580
300000755448
300000753419
300000752687
300000753172
300000754209
300000758440

71 1430
300000753069
300000754938
300000754173
300000754420
300000753959
300000753531
300000752343
300000752821
300000755515
300000755351
300000752084
300000755504
300000752292
300000758857
300000751289
300000758768
300000750625
300000757053
300000755970
300000755620

72 1410
300000754329
300000757445
300000758868
300000756718
300000752537
300000754632
300000757304
300000751753
300000754032
300000758755
300000755656
300000758762
300000756749
300000755958
300000753900
300000751751
300000757861
300000754342
300000755689
300000752441

73 1430
300000756294
300000754661
300000758493
300000754780
300000755429
300000754569
300000753761
300000758409
300000752657
300000755978
300000755517
300000755588
300000754125
300000752057
300000754964
300000752762
300000758883
300000757377
300000752589
300000755447

74 1410
300000755985
300000754281
300000758850
300000757683
300000756287
300000755557
300000753158
300000757751
300000755443
300000755507
300000758541
300000752426
300000757693
300000758185
300000754316
300000755466
300000755216
300000757169
300000750630
300000754429

75 1279
300000753623
300000754657
300000756908
300000754813
300000756495
300000754585
300000757714
300000755485
300000754683
300000754555
300000756872
300000751857
300000758718
300000755358
300000751687
300000758250
300000758888
300000757280
300000750645
300000758758

76 1279
300000756927
300000756885
300000758269
300000752245
300000751949
300000758716
300000758117
300000753473
300000755355
300000752313
300000758363
300000755396
300000753908
300000752155
300000757682
300000751801
300000757232
300000757987
300000755435
300000758754

77 1916
300000757163
300000756990
300000755249
300000756487
300000753388
300000753502
300000758701
300000755354
300000757165
300000752920
300000753211
300000755453
300000755365
300000752967
300000755561
300000757034
300000751049
300000756920
300000750635
300000757156

78 1340
300000758837
300000755871
300000758845
300000755524
300000756763
300000758049
300000752096
300000752047
300000752254
300000757217
300000756512
300000756893
300000758745
300000752194
300000754006
300000753530
300000754672
300000758869
300000751102
300000755612

79 1331
300000756513
300000758858
300000752213
300000755662
300000758202
300000755520
300000754623
300000755992
300000751145
300000754586
300000753588
300000754758
300000756614
300000754307
300000751889
300000755625
300000752890
300000755552
300000755629
300000754368

80 2019
300000758032
300000756888
300000755509
300000751440
300000758228
300000752788
300000750672
300000757866
300000755079
300000752209
300000754985
300000758839
300000754700
300000753511
300000756622
300000758829
300000752015
300000750782
300000751406
300000755028

81 1279
300000756457
300000755534
300000752475
300000756934
300000758833
300000751961
300000757236
300000757371
300000754363
300000756022
300000755549
300000758764
300000755641
300000754572
300000752936
300000755069
300000755539
300000753518
300000754393
300000758853

82 1855
300000755325
300000756708
300000757345
300000755404
300000755468
300000755582
300000753026
300000751556
300000758890
300000756955
300000758394
300000751936
300000758886
300000752123
300000755295
300000752322
300000753657
300000755427
300000752268
300000753044

83 1430
300000755585
300000751118
300000758848
300000752607
300000751423
300000758629
300000754283
300000753545
300000757950
300000758855
300000757267
300000752037
300000755574
300000752034
300000758610
300000754525
300000752196
300000758864
300000753605
300000757677

84 1430
300000757430
300000754960
300000750708
300000755444
300000752763
300000752801
300000755560
300000756124
300000754682
300000755479
300000755658
300000757982
300000755113
300000754922
300000755450
300000753227
300000755532
300000754567
300000756711
300000752682

85 1430
300000754934
300000755619
300000754097
300000754999
300000756569
300000754701
300000757120
300000757106
300000757200
300000755021
300000755322
300000757311
300000755598
300000754653
300000756905
300000752464
300000753373
300000755094
300000752120
300000756938

86 1671
300000752131
300000758852
300000755639
300000753566
300000753536
300000756799
300000755647
300000750991
300000752008
300000754646
300000757141
300000753661
300000757193
300000757385
300000755545
300000757284
300000753348
300000755350
300000752966
300000751855

87 1430
300000754348
300000756740
300000752220
300000752144
300000758901
300000757153
300000755139
300000757742
300000754670
300000752317
300000755345
300000756926
300000753451
300000754676
300000752127
300000753813
300000757313
300000754143
300000755014
300000755494

88 1360
300000753984
300000758841
300000755521
300000751710
300000753219
300000757603
300000757414
300000751543
300000754314
300000758189
300000756916
300000754741
300000753305
300000751655
300000758116
300000754273
300000752654
300000757339
300000752894
300000755405

89 1410
300000752548
300000752001
300000755410
300000758602
300000751811
300000754673
300000755331
300000755370
300000757332
300000755602
300000754151
300000755010
300000751956
300000758099
300000755496
300000757397
300000755544
300000751372
300000753996
300000756971

90 1430
300000758827
300000755657
300000753147
300000755031
300000751783
300000757239
300000756031
300000756892
300000754696
300000753398
300000754553
300000754364
300000755426
300000757428
300000755510
300000751562
300000756991
300000757730
300000755565
300000752056

91 1400
300000755362
300000756377
300000756678
300000753867
300000757072
300000755416
300000754077
300000753243
300000757865
300000757762
300000754631
300000757382
300000754664
300000757341
300000753341
300000755407
300000755928
300000758772
300000756852
300000758426

92 1430
300000752264
300000758462
300000752300
300000757314
300000755599
300000755402
300000757212
300000757340
300000755311
300000751630
300000756737
300000755591
300000758294
300000751624
300000757365
300000757011
300000752063
300000758651
300000753081
300000755642

93 1390
300000758227
300000754158
300000751775
300000753264
300000750744
300000755608
300000757094
300000758464
300000757130
300000756789
300000754559
300000755566
300000758825
300000755575
300000752517
300000753582
300000757616
300000758278
300000755497
300000755531

94 1389
300000757102
300000754563
300000752053
300000751614
300000752045
300000757356
300000753153
300000752222
300000751712
300000753611
300000752267
300000753829
300000757372
300000755321
300000755368
300000757396
300000751507
300000755586
300000751350
300000756868

95 1429
300000751150
300000755547
300000758832
300000758622
300000756810
300000754990
300000755541
300000750702
300000751098
300000758312
300000755933
300000758349
300000755421
300000755688
300000751161
300000758606
300000755950
300000755175
300000755916
300000754571

96 1289
300000755631
300000757881
300000752940
300000752229
300000755522
300000751255
300000753023
300000753617
300000751778
300000751007
300000757171
300000755438
300000758226
300000757978
300000755420
300000757789
300000758068
300000752677
300000752842
300000758015

97 1319
300000751293
300000758767
300000757877
300000757237
300000751153
300000756978
300000755342
300000757308
300000752497
300000754883
300000752566
300000753912
300000753315
300000753580
300000751369
300000751817
300000752825
300000754558
300000757118
300000754160

98 1410
300000753622
300000755655
300000758495
300000752347
300000751467
300000754825
300000754616
300000752958
300000757352
300000752462
300000756060
300000756694
300000752509
300000756314
300000753752
300000758449
300000753850
300000751027
300000756047
300000756979

99 1069
300000754550
300000757598
300000758477
300000754464
300000755487
300000756566
300000752204
300000755343
300000751946
300000753695
300000754926
300000751036
300000753842
300000754548
300000753352
300000758034
300000757007
300000755491
300000755090
300000756399

100 1430
300000754361
300000751663
300000754370
300000752875
300000752152
300000754356
300000752764
300000755570
300000757576
300000755551
300000752350
300000757784
300000753980
300000751238
300000758785
300000758147
300000755590
300000753775
300000755636
300000755592

